2.045637709214293e8	6.252244285318843e7	1.35375900815991e7	7.444522178398936e6	2.5714680891187545e6	374487.16430701845	342610.4273479008	883308.0476936916	779549.7333501125	1.1856093530154875e6	578117.4403391399	428958.96461256116	307594.93257674173	141328.42835826834	709404.9454080461	531769.9256451124	482966.4409842721	600995.4358593085	557927.0431408291	135478.9398949587	71492.45745744562	-37938.67549632462	-19552.521775292644	47042.64690121982	64101.72884203603	16242.16922828945	-50237.85392405086	74417.25049947834	107606.3466040356	11542.730906516235	106561.21420144767	33896.414090099475	35781.86502240524	-74251.2109882507	-76901.05126018534	-19982.51926001473	54216.36303933631	42057.12874045564	2206.3949323448055	-29105.81537582245	36838.24715875371	-9182.903280064133	27526.714494302876	-83474.19736264183	-30267.13551679283	-27122.267075745218	-8114.1076378608095	-10901.877220671606	4.8766703336227514e7	3.9595490313998856e7	9.197676781715719e6	-2.123290202816909e6	-5.08379428198474e6	-2.0852349184858517e6	3.190099273100755e6	169283.37622024905	-82375.2525495691	754183.5239703604	-1.1767484047485972e6	-399031.2822528642	-468205.51599322906	-1.5257807996254507e6	115123.3834022739	458749.7710207553	536003.920105432	900649.4812407293	457099.92393281334	-437396.4326601755	-227555.02736531137	-115321.35095901665	157319.70303455731	379843.24849684886	-1885.969520911109	197879.71778211166	176182.5287630929	-77036.05051745653	-154842.50247206693	-230162.05801626743	-223886.01125143058	-163398.4319378657	-60619.36944591748	-92228.88056755318	-54263.37297190431	-125577.01611877268	-91674.16484328992	-62664.76828401615	-86782.16940062007	-152080.16725157242	-150033.68894903548	-225440.71568498464	-144825.11791593512	-64277.86718512057	-155135.83111201786	-92869.75180810799	-60541.67130525307	-24463.039683737406
6.252244285318843e7	9.916093491884759e7	3.3057484429347657e7	8.435982210452914e6	3.1294951078970167e6	1.8734935150698887e6	1.0957184317234089e6	1.4701992226267962e6	1.1024648478320665e6	941260.8144946827	60898.83690829963	360041.62658678746	337951.60330930457	245995.69475428946	572199.7514666512	371790.9566686489	237190.2722007862	313545.4123805202	307014.98349849123	206894.9876522354	178678.7801923455	93661.33204264719	76281.26806910158	59802.10820183718	129225.45695005728	134951.83310701497	111470.0157352106	154053.3947423988	116573.98604085368	76890.6911809746	83464.345673672	9326.06323395373	48765.16295377733	-8169.773212250868	-33145.1242924804	51267.30226773931	44315.89877098755	32131.216089778667	31217.018262426605	-3506.2697698140687	48905.30892481763	11678.300710113344	18161.00905709366	6902.541131444303	6610.425167608068	-4520.933629346459	11917.575848679906	461.60045176401275	3.1103096956845693e7	4.617312737257231e7	1.976765390389895e7	2.197633420723813e6	-1.2281637681303802e6	2.692191138882156e6	5.1381263539005695e6	773320.0298032219	-692586.3066611113	-112916.51852419527	-307931.61058246443	-74408.26194183859	-247869.87495912495	-1.2327602941697778e6	113905.64992106291	655166.3745225521	342888.46014093637	672831.9725252306	378013.1392012031	-107478.44229394525	409193.2932348447	314982.3059610737	-18679.41866815444	96576.08450051797	77928.31454133625	355447.3298548077	283493.0394936605	191248.15857960275	141958.049071877	60568.688573548265	96469.6870347151	27499.180908912174	47631.50503775929	34807.16071961056	21094.4852077794	35952.700635348745	-10044.499322386731	23874.126195793426	-23012.322637070192	-43165.14736374028	-79322.82368962873	-84198.14428470722	-39360.172952350025	-28584.443171956686	-64129.82154590616	-28465.23167490211	-9840.635128475484	-45929.96958048082
1.35375900815991e7	3.3057484429347657e7	5.873171814489499e7	1.9127451735462513e7	2.6686561683353293e6	2.0588881538478746e6	1.6865319317282282e6	570161.4113338691	528144.558686879	713054.1477587348	320165.23056862946	465150.0259910181	424653.13325264055	393162.1484255926	431770.42484183254	376507.65468977136	152569.02730904796	251702.0548927779	280394.7603147272	220257.40676351383	153811.9717534236	109593.63217176625	114079.15264626029	71166.1349343361	97574.40275203595	106771.06724860214	145223.45735422973	84783.63294318122	112512.72091356864	103628.86306283552	97420.52255355856	51215.72320368887	57979.73381015378	11924.055813741368	-3433.8698199551277	33050.42008958229	51315.80930586055	47880.46049582711	65209.481255517465	29658.242522526223	42236.975581269864	42730.65417828068	39603.60507792902	32715.869376171762	36130.23752885329	49244.66863691826	25751.02742994369	22715.058772488217	1.5998556503353962e6	2.3724555286041174e7	3.2057397538262855e7	1.0091069840965101e7	-3.41273435943617e6	889244.6396243073	1.8815705657427073e6	-211315.65469000165	-868797.6971777729	297692.4855525488	12958.606870869233	-71110.5201439957	-164737.93931894173	-567667.0016139887	3830.4866735784944	359036.0639722714	255990.51878330784	264129.71483767545	172134.52108470234	116161.4596618439	416968.10005993687	243363.7894566521	41525.4344728002	29540.65022861249	204822.18737573503	122772.90144528312	69893.05447226595	128365.20312972578	88255.79920095524	79396.46762702706	140792.29238055536	-30994.399857621283	21678.760651492747	40337.82167235406	-29564.453808376868	-41014.33971237154	8738.457283371179	47140.42364845357	-35850.92322151385	-59281.76871539311	-53029.5150219419	-61381.53515616139	-51957.253505965	-2961.5994427151827	1002.5625660119198	21869.892901048792	17909.849367438714	-1533.214066234455
7.444522178398936e6	8.435982210452914e6	1.9127451735462513e7	3.1753836931463387e7	1.009187848482823e7	2.0892935141475305e6	1.2316492369652956e6	994687.6486689174	659683.7301734496	658631.9240652564	614069.7276923163	529275.398092454	363617.7830106502	354696.7660727591	260024.8600642229	215420.71086489022	213457.40883105458	234325.14950991972	158401.11907951694	119381.87839690619	95632.58231957213	6666.236533141037	37015.22488967281	25618.98045117474	29045.981132096833	98683.55450108666	104698.10360664218	100991.97599811132	112228.55980859011	98004.25443350554	78526.32967953973	58456.51789449783	45024.97269382895	25653.592914746674	2132.4366280805825	41403.53258030037	62788.03261416038	42383.32194685484	53181.99476417523	26607.0124410236	28932.83843163017	20148.631735175975	30445.056258927387	26604.202011598587	23444.26937167197	41310.12679189717	30858.070148855848	10148.459052459597	3.698322598467172e6	4.285587563221482e6	1.4703923366206218e7	2.1232610377068616e7	5.392285701357236e6	480946.98696353915	916052.2457866683	426649.90422938537	-622755.7690754255	-41151.976383989466	149592.4411622016	169940.06335264252	-402361.29283225944	-76095.343521155	75817.07730399618	396064.1521197302	207203.92816877918	185698.8864974656	117806.74536395061	156925.33430569395	197874.12285327583	17215.52880230477	66745.13644477536	53856.135630719495	155417.70192163278	145565.1222697262	90121.70257375974	41979.94449197008	-10018.4506724504	47686.035023868906	94726.27487390638	31979.13458705948	37589.360389478075	42379.79242160789	-13952.274241905354	46468.079387260856	42275.23591180055	-69.50283894875855	22533.066301002153	-17066.462933755174	-29142.53928351656	2831.063040772585	17178.739478621283	-3391.557354680556	8894.165875089702	14314.413650908868	8100.19373929805	5887.781307071946
2.5714680891187545e6	3.1294951078970167e6	2.6686561683353293e6	1.009187848482823e7	1.771840557550303e7	5.599578428458469e6	1.3792291980160577e6	976415.9127866237	595873.1688752028	420045.36509148334	447338.3937278633	515285.91256140964	314617.0597023654	222553.08251038077	347295.62780956115	269595.11862840445	204880.23819869815	219132.2038001682	112896.32684177655	119696.61606510672	97238.94036371812	54647.96193144689	91745.89895277392	90298.68654364621	63591.0917757311	27761.343800038965	67845.85633826918	78138.39999729217	79678.9947638235	61432.06122108375	63128.85643718331	46392.0826951293	44438.847246660596	36138.0813098626	3523.942736147817	32550.749828773765	33182.902795407535	41798.042567425284	48561.695821867695	35125.38631134361	20389.23251853322	22426.475701306324	26548.531693585515	21972.364765312133	20928.81373778698	31214.920077533454	23081.171692387157	12796.378884224601	3.9318150947551928e6	2.051485213586906e6	2.9928262301092236e6	8.368025841103819e6	1.0657402571496094e7	3.168604517937902e6	183358.20904161502	23554.51252350856	-194594.0754247905	-58718.26016119252	127827.92742979081	235872.170760423	99423.23606518906	229435.81595659838	174259.00181488777	344344.63594221586	149138.9510420336	1503.8282045425906	-35865.539109499194	6119.359704594266	59369.827527882044	167898.09274743721	178803.07428073502	17496.170323798957	37326.173670378994	98396.23294533386	72194.81063326282	73485.84480482191	60038.994662332814	65881.51503930282	85474.3406204198	68372.1006795596	14856.138867149137	37800.26363487557	-21082.608841164685	10154.793719290803	56871.13946509514	58810.034956979776	5615.046434258019	690.4405911883674	25954.711771279013	18797.862713602393	35032.785566446175	23732.228894765576	17279.843007880274	9778.800217098124	33771.67304418687	-6056.537118184659
374487.16430701845	1.8734935150698887e6	2.0588881538478746e6	2.0892935141475305e6	5.599578428458469e6	1.0460462525309404e7	3.5983469027811093e6	814968.3004028666	446432.58456566813	147420.48095647327	245740.6434267943	184908.30739682392	38064.66103980054	119409.94807362896	232844.80413418935	181056.7433019637	147212.2855405351	176563.52563710103	159432.14507356187	135409.65258696777	73692.5106659991	64787.76569668928	70896.8725843318	34395.19398787664	46799.50986170219	39715.3004775256	44546.6270007137	49601.482933599735	68363.2981302737	62413.99273377659	37561.71463533591	36790.56245427522	46393.580720155034	30045.583975765363	31821.432051741307	18780.111520975814	15941.860615132031	16418.50997120428	21969.584814356967	22150.11599817044	9714.148669924762	16026.063535495694	24190.752598540046	8254.803466549734	17019.630118298184	21020.756064171168	15989.556187167289	14246.771818452371	-2.155929057146693e6	705991.6561137314	400424.0921224473	254282.8128533711	3.169533631707513e6	5.39749143380906e6	2.6423636869951384e6	246557.56631762508	18614.503853609214	18399.165984604533	9836.257896522502	-258060.99750908406	335545.38150016306	202776.13190776334	106122.63152801493	33634.14939921553	-28174.901548493486	51377.69596323289	75032.43891337514	144594.6205490405	79015.6126736857	167550.56398277867	105147.12112603849	20817.165069525494	123504.68305686374	130732.44487195324	5170.467672394529	22934.396880287684	46882.11018880782	22408.884289126843	58014.75064998782	66820.24492459845	30619.253238851754	70763.23356032814	79942.33324176181	10553.756875008266	41063.361690165686	41632.12634369734	-1151.6644653504247	7578.983527864728	22574.45628197825	20525.574644917488	24991.972096638707	34531.84417012362	37866.102540310676	19668.58106746097	14451.73146875785	177.49222484932656
342610.4273479008	1.0957184317234089e6	1.6865319317282282e6	1.2316492369652956e6	1.3792291980160577e6	3.5983469027811093e6	6.832136347814498e6	2.1723131123671755e6	501756.25502338866	270789.6647783006	234665.78309795898	165635.18634169796	155009.41941650264	158518.6444231648	95770.81509588611	131484.6393240393	76615.51808412002	95926.83432653185	122673.4159948413	99513.91131372463	42880.92414746618	30129.702024776198	42557.07901149645	45463.84197624398	43290.10379726337	37387.89095822158	52240.75569337372	53176.40810402063	44620.10639082265	42073.592511465686	27800.162161326538	36571.778922513855	29168.385935935723	23749.677523617338	26183.499024739227	24366.96748238279	17627.302442665474	14943.65673670339	13245.856293186525	22965.897729980665	16771.689873576404	25409.980304284658	28320.146629549545	19506.5328445114	17505.147084834545	15335.298859260029	12114.096385907069	11677.11569993289	-720935.9125073855	2.2362069421155783e6	2.046754500329149e6	426960.16653146927	118841.8253364736	2.278552237027032e6	3.9089202383109108e6	1.3523324349252442e6	-217224.71155104335	-95765.64792777822	24401.207091765675	-21092.796211918918	265807.7359711307	11677.958681486873	-51587.61503832047	-28053.934987613215	96050.23338269776	50489.5696407909	55747.45384145217	62748.47190919402	-1596.5547700313675	24825.55360915676	71942.99053796021	4791.59100104501	54420.02798763149	34768.03685863677	2578.4620062749345	32568.473255136327	30773.66911795531	28803.66044068365	51395.53063707199	58406.749291930944	48041.90918819955	38442.13095271279	37305.888333260154	21526.3552521524	31390.106694161856	37218.79826835543	7190.9008991383935	16742.73176612798	19248.72533445012	14007.792597680967	14496.600209956528	11378.608550024832	26672.416184866994	12536.913455005724	1306.0225391454467	17870.05019056536
883308.0476936916	1.4701992226267962e6	570161.4113338691	994687.6486689174	976415.9127866237	814968.3004028666	2.1723131123671755e6	4.519428141621554e6	1.4970029126070656e6	397595.77955241234	311823.7058768163	191216.31580783194	155417.73019555118	143752.7569378972	119188.11073756959	120694.48769155344	77068.19186795842	89816.32386244531	113822.4512121301	83068.27736828105	62867.74669642304	59745.56672865388	55341.31134413553	64708.00115332658	34322.77421186128	47183.37469352054	51201.66094533146	28929.98083881235	24210.25957070946	37047.57641651947	25737.235537663695	31290.879417323704	26785.21848856748	25660.357476079735	25554.752767778482	26636.206018441604	17369.623331139137	24736.347804936537	27301.389638282602	15336.245119864821	17978.64459237604	18392.751429545347	18869.30533870547	16088.50417891273	20605.480049157304	14089.121530759536	7492.673045223373	10523.148761642411	207950.30449731616	844866.2509124582	1.3277196497079395e6	891911.3245275714	921191.1699339924	361353.06914808636	1.3926964648584921e6	2.769556386615378e6	1.0479251953846817e6	181634.53389414304	154124.25690185794	87777.35434008444	243271.4657107403	186500.6061541968	196440.7974963506	156361.2933645013	142376.2819282861	98128.5578197809	116046.47562615159	107882.4900081578	84651.87079813352	49675.71369677148	91249.66083853094	85963.6026767574	44214.771165016624	17068.888998223105	29721.983376910146	34092.97083602267	12213.289561651645	2432.615574488874	21073.282732116135	44161.173457677214	34658.81062430142	22076.081122287505	37955.03456549943	25417.371624805557	42284.58968346152	44170.35276391974	19942.550485393138	19308.335433417815	20898.49874834443	15881.673341249894	-243.54970604058457	13308.124121858384	15557.64573584508	8977.810153840368	9038.395664032709	14118.368917388
779549.7333501125	1.1024648478320665e6	528144.558686879	659683.7301734496	595873.1688752028	446432.58456566813	501756.25502338866	1.4970029126070656e6	3.009006730108899e6	1.2126867971888108e6	276649.0710585042	228677.60603737418	145936.33859068967	101587.63677401398	125121.72764610285	90411.0200168026	60542.74172331561	75670.1393633475	74055.27777215201	80999.64291152294	53388.10553175188	44159.514323099495	30584.467784252683	31054.11015343519	28416.62100169934	25332.34438105744	34664.533641766124	32988.627306232025	37576.5025889841	30541.61986592449	30157.618162598348	17293.83002393418	18320.549037476263	18525.11061824226	13666.122600233159	17270.748541676818	9471.179487480977	12694.556260368408	18469.287634248216	18513.9828491576	16203.713955701161	16940.463302858658	9528.012337661365	15087.081913465248	20835.55257020944	13178.088285641412	11514.050875228797	7694.710081406774	158681.97118383396	836022.0414885395	721622.7230075207	1.324143011536887e6	372811.90052779834	302450.8341962715	377479.4593651629	1.0114786255199339e6	1.5995194848990634e6	825221.0402487903	133155.45890126552	11995.999847569241	146229.79184175728	197108.7740747647	116730.32139204425	93450.09388314773	69087.06021132413	46495.94875821252	-6346.029093622843	18534.582027392058	33806.98336080909	45566.493913779865	57559.00548143381	40395.68423383259	13323.524284806046	12827.262675615735	25150.861066214955	25444.315876774228	20691.379676626144	8446.032126507784	1966.4209130061392	29173.34936447718	20108.927734453777	13767.376666448057	31017.300725680194	23861.609323126744	32755.757364646077	20053.91847335504	15193.687953510773	4392.911490085334	11441.462429251515	18470.360629553103	5767.076310199615	11444.651365625172	2352.438567093554	1239.6441206056704	-842.233719944615	-50.24432790301498
1.1856093530154875e6	941260.8144946827	713054.1477587348	658631.9240652564	420045.36509148334	147420.48095647327	270789.6647783006	397595.77955241234	1.2126867971888108e6	2.507839790869618e6	937485.1175852246	267926.0841668733	126960.18431977887	51662.98939499867	80253.21859059182	106531.79422197495	72869.63774358237	61342.00140372633	80626.92321976992	75115.95467531079	53669.27180521426	38216.46439573355	26048.70021467201	18483.162859920772	19552.553552273537	22905.038800581897	14750.863420775797	35985.83385577166	32252.47636466661	33067.09503904962	30092.286178690465	22701.200997546865	19493.07192942323	21942.446214734013	17205.00165478396	23847.450069430826	15643.942334686182	10123.01330022546	12735.483922481366	10628.78581519734	9039.791668577504	9802.953100456167	6893.3293503903315	6953.132567938609	12112.745392617264	13786.891732261593	10032.981988383794	7999.618481545985	-46354.844783421286	609540.1686350568	565199.3774801741	778692.5489695834	424640.0602469885	505604.0363279955	328252.68820727133	273554.91894990613	841835.3785685401	1.3519530531095092e6	418935.69978989393	-50781.13008923021	-20118.071958321532	104764.63154860394	21755.130292261165	61781.90552431621	127194.03906282858	45351.39576794214	58837.386748153316	60252.454063756675	70201.23920756401	26152.349807150553	37207.092506029294	41566.216164556165	22619.487046476166	-9956.268447726521	3521.995390112607	46691.15966669347	16743.44459225211	22615.44405125972	22470.062798437983	26229.52058207604	16610.16350486003	36063.70721474431	27505.024476298622	21755.49779184807	14586.614870390205	12044.883610138293	25295.391777804078	14037.741517084447	5972.930564789121	20980.09677704276	15989.79720142915	5628.29195194101	-2457.523116793135	-3034.904393618535	5046.684770001687	2637.632506393717
578117.4403391399	60898.83690829963	320165.23056862946	614069.7276923163	447338.3937278633	245740.6434267943	234665.78309795898	311823.7058768163	276649.0710585042	937485.1175852246	1.766254021329844e6	669048.5176156055	196861.3823966286	67831.72223925267	112276.51512590832	115946.03847360458	81170.11026284655	57604.39866635998	84698.35035797408	59294.14276492661	50882.65376351064	41628.525432454495	37269.600473749764	25162.122724948065	20941.097003656287	23394.883911619872	27967.236568972843	20331.034804258154	21990.29069594987	21086.762224419515	18719.444170314033	15533.703749064949	16970.85976630815	19077.355500980895	15109.639739132315	20416.35205935518	14102.176754379529	6611.157494933516	7564.242531557239	10312.146136743564	7810.494754121912	11511.632833947127	7819.300745666308	4764.904642266124	6575.351183317034	10494.549695404103	11771.59789154291	6754.5493394487285	746819.5294928874	-715830.7783132393	291774.1049011688	644141.671030553	283225.62049412687	111895.57683539437	254663.35673518103	387409.7958824539	289033.044046019	768411.781858064	926737.3011581611	257898.77073564613	23135.02421378263	48089.619681011754	49656.896903072804	4865.25245569641	68242.48156384159	46810.74007802384	74255.13985771673	73111.76338847635	46604.752325398134	22539.892975049286	42357.31445841858	32472.555937707948	38480.39810940542	20453.7652370406	15432.830055450813	33855.900838038084	9085.439002974646	17166.67548861653	26843.991307872406	27554.854852753666	32079.05158400999	27625.077730818553	24958.806594830065	18714.732412419435	26322.054189182876	24684.753239222067	21926.963917832276	17849.289917299688	15117.141730358637	20853.227251471108	21229.114089257684	11823.610541613098	1067.907827656177	7297.060945057259	5835.665620396231	10362.190789768278
428958.96461256116	360041.62658678746	465150.0259910181	529275.398092454	515285.91256140964	184908.30739682392	165635.18634169796	191216.31580783194	228677.60603737418	267926.0841668733	669048.5176156055	1.4022485565369953e6	579245.3792561	156436.58383747545	108463.62536647575	112657.82977178886	80541.33847907177	60302.88161441959	52235.36010375793	29277.591193901317	39674.94474068375	20435.399572936407	26499.719302246784	29822.907521849767	27522.39872764446	33307.24214002294	33883.94810064263	29708.058266343993	32767.58911704052	30467.156295406126	30072.92529538937	29020.4081685708	19843.36414333761	20951.029619110024	16440.49964312244	19620.241949010702	18610.926879918108	12636.915355063738	10829.74157720665	10848.643297446533	8923.373239992983	7564.342355446334	8436.36346250752	7883.148359203263	12414.689994595747	12751.006932673012	9915.8286472081	4198.043488923401	913.4411652633473	-323139.10772293137	-244356.1040600164	403287.6237773745	-35899.63688693078	-12569.649613510801	137741.4220931383	253843.73864242263	160132.74935557536	274277.9953239276	512701.02793955454	873945.1365319806	471386.50096119015	188545.94069126665	79710.66744197543	8817.087930690514	29844.395723824524	41223.0143852308	22490.038167606617	53782.77212040581	73679.20785776681	55608.08183624235	72163.88432949416	52485.72783144105	26297.408223053168	50087.560265089756	46851.41783308177	33500.70389224986	6976.030782452059	11067.34495928876	20004.15467517941	19612.87083540364	17458.620019103317	3435.2383568171654	14494.391342134992	25957.55186343955	27514.099924418006	22923.516030210332	8551.233648683528	10262.424394374395	7350.792251089395	13994.453975393424	17867.892774486358	16452.840534650866	15111.016877218675	11112.27841826887	6379.625284201052	9435.894835357196
307594.93257674173	337951.60330930457	424653.13325264055	363617.7830106502	314617.0597023654	38064.66103980054	155009.41941650264	155417.73019555118	145936.33859068967	126960.18431977887	196861.3823966286	579245.3792561	1.138999457461463e6	452334.09182790364	133266.6250851239	94168.60536504473	70100.26393101478	53864.32087945257	47658.19504799095	40573.270283367805	42360.6457902667	38375.21533350537	29304.340407212716	32987.77577250048	35113.24540716505	35261.7754234985	33521.868208456755	27475.775426447497	25732.48851379211	21861.113654552308	29770.9801984616	28797.489578069155	23125.056279861175	25484.827473185294	17470.19091500924	17792.739358787214	17522.980579477742	15905.338140041331	15065.115151794365	14263.93084213416	11257.239251385388	13481.970539167221	13628.975193854794	11447.578675208764	10131.196697194051	9605.13061706869	10343.377715096822	8875.062983495754	-486871.2593528495	786267.8612492158	554503.5359371348	292510.44943782326	-157462.20623350056	-126484.24631107632	-55702.19475816902	45201.097798163966	-56512.238111242914	-58616.38599496623	109646.52534546041	383671.12367815676	627004.3382701551	318391.8678383333	97626.718091042	89318.40925378114	96914.02407101846	39153.07622948377	-3982.294368065551	-2934.2190675172915	43612.150698363854	34924.580025730516	22410.696500107322	67.54890375711028	3980.803573565138	38543.38133542316	29837.475290478935	14149.535099336801	-5120.7316249227915	11524.720130770906	10192.748724445955	13337.897847132954	20299.096413651034	11735.992847575222	-2027.2555316229577	18415.560519529256	16493.117916207448	11471.592792378331	6234.916618516975	10071.939007566707	4455.601898800855	742.2492655413498	8192.151241580164	4992.364236365396	8923.220657145686	12130.232408351209	6578.81052763456	2378.1995893044336
141328.42835826834	245995.69475428946	393162.1484255926	354696.7660727591	222553.08251038077	119409.94807362896	158518.6444231648	143752.7569378972	101587.63677401398	51662.98939499867	67831.72223925267	156436.58383747545	452334.09182790364	790600.8738128971	320962.4175438146	114620.63571293357	63521.349295768116	57390.174444079676	44097.81813347275	35515.15479474533	36176.44602986074	31666.334783677303	33709.26775662555	26189.855160906143	32357.433984947485	42135.67065826512	35870.56842489012	24389.75512454969	28871.545612939673	25676.613936301575	23756.718137716744	25209.38356935455	24657.62330527916	20928.716405181338	14675.474404349354	14272.936376648751	16677.92953183778	15930.411381144697	12967.184751137322	16174.20025428981	12879.743171348293	11879.111144197303	11251.654437324452	8535.205535600879	6589.12967269173	6253.786429210436	7442.168068339353	7373.331467162313	-212913.69513358842	521112.3307686606	447905.2963031082	92820.3169053547	-37305.36470729486	-96842.44119532534	55494.03934694813	43885.92565231424	-58256.40387620094	54857.81867660306	33758.80928594287	48541.27283101813	237955.45902315128	410485.3861307402	197006.8473347199	45520.65553287667	64571.14794042347	5642.2253662295525	-33131.23602623491	28580.52230872918	22298.31312025982	1024.46917666859	7394.320372206275	-280.3639678111203	18610.814285081793	33411.06090757587	25241.543376358662	18079.868459565823	15928.484109101757	17204.963007742273	6365.773826219769	19031.897213829692	30331.741213143436	18414.2438542738	9376.834682898763	6461.6295835750525	12644.064752777665	14381.838657865173	356.62571538456393	3648.0821799462665	171.96656103825734	-1895.8600514709021	6657.169012993876	4307.538692655419	8005.709487744889	8822.076331529459	2476.777907736628	-1410.2643733382592
709404.9454080461	572199.7514666512	431770.42484183254	260024.8600642229	347295.62780956115	232844.80413418935	95770.81509588611	119188.11073756959	125121.72764610285	80253.21859059182	112276.51512590832	108463.62536647575	133266.6250851239	320962.4175438146	628353.6356703319	271021.630308664	75174.4477082601	59616.59395611804	38542.411413210546	42569.50993240388	30066.553436679453	27159.54888692873	35769.947411312714	24848.47274668338	25449.954897095988	27359.851154730062	29086.81859006314	24820.247757795853	29302.484542018363	20390.518412272053	17308.520172528555	18084.710956421553	20896.401316275544	14362.431524797128	8227.692277878547	10438.070485771843	10294.82540141967	13260.376145932398	14025.19365153128	12388.838771747702	10816.113298783286	10495.55309870532	9860.904006979075	7833.665061015335	6034.937671012464	7048.328964455417	5611.467904884152	6303.035703072522	-188760.31024397595	277731.45115048473	605881.2711346166	186623.1283566603	174330.42685518516	177659.53362628873	142490.2579845593	52017.475231512035	73436.18317612	99808.02308451255	49981.08918353448	112082.05172359971	83360.07696669723	180010.5077016557	337251.7924117862	183153.27297271913	52787.90831945134	40545.55544129517	39693.60473283831	62572.51713147943	18405.611914411234	19968.517270014505	32514.295476235253	25877.2677577786	24430.120057616714	20590.72742218325	22397.818867249553	25397.586992235018	27749.099529316714	17090.114252316216	15704.284787008333	26376.656157228128	18906.993921570203	9107.245842562636	9704.727706605498	6597.67998769702	14504.647001692958	17808.197120583485	9233.169011307855	1362.4911065171561	1560.4790309166756	5185.406123794773	10066.91306443915	6194.330183800698	7656.811225811055	7483.341243824324	8529.506828647476	2407.461856329199
531769.9256451124	371790.9566686489	376507.65468977136	215420.71086489022	269595.11862840445	181056.7433019637	131484.6393240393	120694.48769155344	90411.0200168026	106531.79422197495	115946.03847360458	112657.82977178886	94168.60536504473	114620.63571293357	271021.630308664	490487.50738577073	186441.8294211613	59501.11884836242	24315.831357808267	20902.85425110492	28589.677818644603	18969.748178107406	23287.695468692727	23879.34298481769	26031.409915100645	16349.446448077595	18583.59561344342	18744.170554489992	25453.648270895643	16403.349007189434	16570.486641222287	14384.10351604292	12018.281216942867	10540.809643756484	10586.751151079512	9858.041415608204	9845.287417580417	11100.700631202864	10450.990918414323	10986.448040442234	9872.431621992542	10429.909182449746	9514.08607923656	8253.078982314064	6393.869733329257	5784.5219102249575	4811.712655457111	7001.404946081548	-421416.18660482723	-106053.8803506756	46106.17347270402	48977.98670474478	94589.51171898404	69517.89847836681	124876.35897391532	109845.61967201288	112798.08184649091	99162.14069147278	75102.62205832468	100255.44056139141	42199.58325294735	31560.44653276893	195366.27703919148	279809.39025647304	134527.20655945726	67608.88542796127	63067.57192213742	52806.736827077366	38496.111025390564	33345.038823920084	24700.43565606106	13272.249867352497	21925.339629400492	25183.241525344707	29650.453130322247	22429.519469692346	18926.032581618292	19650.456802672274	21046.540735411396	27257.324640530907	14514.710826158216	12048.861671391738	19067.996881530482	13509.743430315903	15075.28263889522	17139.92987169943	9282.603588242231	7144.736100137389	9279.770892738332	8072.854357512612	8490.471414167738	4974.88362203472	9725.164117352444	7606.673698091381	9660.969012729705	7231.2957284974445
482966.4409842721	237190.2722007862	152569.02730904796	213457.40883105458	204880.23819869815	147212.2855405351	76615.51808412002	77068.19186795842	60542.74172331561	72869.63774358237	81170.11026284655	80541.33847907177	70100.26393101478	63521.349295768116	75174.4477082601	186441.8294211613	359170.0454751526	157182.6167328761	54502.22725867394	35384.912497075566	34573.87167915324	18916.950501066734	24005.59397988105	15593.299561916045	16046.608682093838	16020.114457051282	12566.09371259007	13926.31220556808	15101.9137387774	16035.154532854407	11101.670632802028	9149.599762773065	5677.45160410147	8730.67623281115	10382.151623947122	7373.142840681478	8593.622777642875	9760.560813385911	5170.650217265815	6503.2807991773525	7975.426099864129	7362.131250759011	6446.592857016852	4965.758426931957	6088.199014808257	5072.480381502469	5326.085012257356	6703.45291690297	210274.90126935704	187664.43790873472	-113847.63882248878	21621.70557324597	27600.144450102405	-58478.69426238413	236826.00087767473	131871.94443243562	-15049.22798991252	62558.46202537968	30590.163916360154	47692.34670568126	15205.281478259434	12768.076355890465	55170.24842925199	145108.8595022682	214585.86925736515	111791.57165020019	33314.977773799656	16247.497140627873	21513.078810480576	23592.10463853204	13365.399725101692	1446.8184164464117	28358.596801227854	25477.825633074026	24037.287207896672	19888.216444212805	9842.052498136205	10747.156080991752	10596.588164013165	17605.25545235854	16018.221247237534	11570.827452680507	10564.80920434382	8257.618787762305	9258.573087826071	9412.910088884646	7146.769252676494	9092.034962837386	5904.875345155317	4162.378487847938	6693.666756274187	904.5232009717872	3233.0033865806245	6692.312492075097	5874.7942930894205	7641.20693447156
600995.4358593085	313545.4123805202	251702.0548927779	234325.14950991972	219132.2038001682	176563.52563710103	95926.83432653185	89816.32386244531	75670.1393633475	61342.00140372633	57604.39866635998	60302.88161441959	53864.32087945257	57390.174444079676	59616.59395611804	59501.11884836242	157182.6167328761	299428.9302201187	129342.75962139964	43870.83241614306	37059.89396646576	22642.826491077845	17591.666141433136	15549.591348820324	14325.620599758224	17470.96946404657	17786.601779055498	16238.786777091618	15674.067900861959	18198.706265389563	10375.585442617561	11399.792906080631	11017.49340811581	12052.979693724348	12958.535365929709	9120.540004427196	9295.3530861362	7457.650439688559	7041.267307439004	9620.299452538691	10946.986876331963	7970.641225310899	8204.209699138346	6809.7743609875	6702.152193499643	6134.696065069019	6358.318523180601	5580.67950398973	431979.8812301327	217263.7754148552	96984.12447989866	150441.9752479144	71257.1865217823	79707.14463830282	136138.19191120108	65207.33307172955	3829.6139327558676	-37672.681929013306	-34888.42170204002	11008.449947251724	14185.478899791151	4480.4446485538665	17348.181082082974	22512.144172072298	86416.40966462201	157682.5155819529	84426.99207723406	10089.430654928045	13214.808852142894	16135.64934527162	-1517.0437350662776	1714.2723928984785	12210.010487507423	15313.766139744104	22671.48792674827	17568.922701906657	11887.724192665959	8082.488506483114	4793.970418940303	9764.878218436717	7795.130459546578	6871.452908114317	4014.5151573488793	5663.73891719565	9387.102308807569	1013.2151821881122	1290.0936211300277	5068.476704579101	2129.5026800105475	1509.1331833047216	10802.495891454279	5543.211346889456	1912.1567053340484	3876.593293342394	7115.1838610088025	6239.71231519473
557927.0431408291	307014.98349849123	280394.7603147272	158401.11907951694	112896.32684177655	159432.14507356187	122673.4159948413	113822.4512121301	74055.27777215201	80626.92321976992	84698.35035797408	52235.36010375793	47658.19504799095	44097.81813347275	38542.411413210546	24315.831357808267	54502.22725867394	129342.75962139964	242998.88788548938	95218.37487358348	36502.11348765922	23834.27184478718	15292.704101109277	10611.513741326877	13800.865554255271	14804.866102777589	15703.071988073223	13847.610777498525	15123.703766524752	16119.081771396388	11807.179696362558	10504.828523835862	11970.127272632693	11295.350125824847	9695.025245969962	8036.119916676847	7546.746566390754	7649.57121465125	7617.758318826182	9764.434528756343	8126.389959189506	7380.2193158945865	8533.331381068567	6174.643704855819	5742.0283657334085	5498.685094375453	5927.70743056842	4427.517150516084	28555.90338890265	323498.95416857005	145581.63971558696	-42181.116629228156	67518.57206375904	13323.280405915482	72233.55467660104	111207.54513670539	35508.90876294584	-10117.930032458613	72944.18802590118	49590.02271078813	47106.17112497639	6910.548317478737	-263.51283911883	10494.054730130074	18131.652592952134	83141.49111185347	136111.44305402695	60012.81476625615	29629.54933683991	25021.976642215788	16569.909233719063	8823.567591383016	7830.870475998599	5638.225959075616	10371.694443362741	3246.3119081377804	3829.3292170731074	10245.769342574413	8339.269499732214	12949.848563195317	9056.98065924941	9338.192771237542	6633.991123040868	3448.218267728554	2580.403409810543	-327.6396471062797	1484.3329321142385	3718.27982076896	24.665506658776692	-631.4829512725124	5365.842695164303	5676.349018098552	2869.5240160547246	4875.563530946032	2107.9301600544213	1201.431207152901
135478.9398949587	206894.9876522354	220257.40676351383	119381.87839690619	119696.61606510672	135409.65258696777	99513.91131372463	83068.27736828105	80999.64291152294	75115.95467531079	59294.14276492661	29277.591193901317	40573.270283367805	35515.15479474533	42569.50993240388	20902.85425110492	35384.912497075566	43870.83241614306	95218.37487358348	182441.84103909475	77854.08650621538	28092.252426144772	19148.338534407278	14007.17303362198	15295.696577418012	16172.462008174607	15813.49058542608	15456.882818437838	14349.250044542116	12510.710883421008	11458.297136570385	9818.358822918739	8881.67654063729	9972.777127738862	8114.7567188981275	7600.932903120415	6202.068019306794	7107.0505968063535	7881.126340125457	8349.969345880112	7652.62843905334	8446.63186569021	8323.614122224648	5324.476000631642	4177.53961042074	5444.070612735002	5931.266920186407	4622.953711487554	-379430.54741041287	214287.784455242	150002.3130240795	122339.40157963225	186879.21920404345	109770.25662426827	42052.949842514245	76842.2704947481	28474.64390448834	-52452.912778309685	34938.202540683356	-2042.8461596834475	8195.603220816954	13461.434546189912	6723.918208600559	-4105.567719050771	14420.623401915127	30666.892513352894	47468.1942465239	73069.18390037197	48092.452915702306	13800.825026145634	13909.32357799381	19629.992062559424	14582.77942836411	5483.191672304106	9498.92555323959	5936.280313598119	9854.691529171198	7363.213340502084	639.0008340356608	3277.455289802299	5049.5810708125355	11703.651311681699	8032.566638389928	4908.207965743748	4823.943971087799	2676.3556847604737	5072.7134750594205	3822.7304660639097	1419.3480977916652	999.5897812963949	1806.7307238046228	2632.2628423846786	1683.689059148054	5276.87901848041	3709.688082120124	1679.7905466290124
71492.45745744562	178678.7801923455	153811.9717534236	95632.58231957213	97238.94036371812	73692.5106659991	42880.92414746618	62867.74669642304	53388.10553175188	53669.27180521426	50882.65376351064	39674.94474068375	42360.6457902667	36176.44602986074	30066.553436679453	28589.677818644603	34573.87167915324	37059.89396646576	36502.11348765922	77854.08650621538	158647.6871424266	69457.2266590779	23917.894720990305	13707.032329514188	13789.314561801553	15585.743665404027	13394.388628557012	14728.939213375339	13737.598538322049	12974.387636355246	10827.518348343234	7383.526250833925	5339.107633394531	6838.075900645366	7722.4987518004655	8083.8330953834775	6566.718098659061	6430.184882937505	5556.0361137707205	4895.279345343408	6323.443064560933	5897.470824141474	5909.374230946792	2991.8204250809076	3928.7028121030753	5353.475623047836	5245.217330089578	4011.9429955785163	-76648.85473992485	169849.98481846935	-57204.32748700992	77081.19012097541	153969.26358152417	44530.09914704074	58285.370198630066	132354.18920332575	56148.502196102076	-31081.219284784434	25271.60500772928	23947.81106799777	30824.223456219217	44474.699686362685	5056.389859925525	12605.318319895458	9302.451085476672	16834.58188114558	13060.599322271315	34320.72456449412	83228.31815267095	30848.732788824906	5594.033059200587	6699.262586196077	7010.570454456971	7018.30139439795	6568.878142951219	-1537.2976357875036	3432.2926372156717	186.73065409489521	3154.5244635833255	4673.372017180821	2182.0919621749213	2166.189218289447	4624.992626412509	6492.181316891136	8406.538565340796	5461.729732636185	4556.031496631611	2655.244912087813	1879.9193874800637	2351.949102900872	1890.561235430371	1187.2423754257368	2206.557138304306	5326.329071904388	5923.547308112819	2795.6722630830004
-37938.67549632462	93661.33204264719	109593.63217176625	6666.236533141037	54647.96193144689	64787.76569668928	30129.702024776198	59745.56672865388	44159.514323099495	38216.46439573355	41628.525432454495	20435.399572936407	38375.21533350537	31666.334783677303	27159.54888692873	18969.748178107406	18916.950501066734	22642.826491077845	23834.27184478718	28092.252426144772	69457.2266590779	136573.23832238305	55429.1617521163	16368.535374309175	12524.966228007082	12491.338273409827	11784.633654303547	13624.338316372357	11461.788822123488	11461.026233824896	11272.634064474094	7616.287682819949	5604.567453946498	6068.481619966913	6506.792511833735	8190.881784257439	6911.596032510899	6120.154550869513	5967.983034851405	5184.581265671751	4382.919411387088	5075.664444012482	5013.959442692919	3294.241321762793	4204.865507358333	3801.529721264164	4132.156390610201	3987.8924996345577	-368058.984103524	8352.693958696138	-71974.73093834957	-257517.78613225484	74940.36450410218	46082.12452013024	7563.87492844496	42511.64019085508	42099.78632248448	30051.11396287736	9412.967905884441	17030.131898093034	35923.13107577442	36325.784794107945	-3187.2724217056134	660.4007853462922	8383.121682711648	-258.91841173678296	-1469.760373124641	9195.037997106103	46674.52612293275	63224.40269394291	25341.93000032532	1703.0672088197873	1891.3735100471022	555.4541113701545	8801.215282399718	7632.206600863486	2707.962103113731	4366.106706955638	5762.656409794728	4021.4679718439893	5176.342935033498	2589.88501088058	5565.838704547612	4805.108429688355	6431.7655174828615	3164.296962449615	4713.415661886425	3597.782803341772	5877.417981547167	3356.27744359356	2103.404875258331	-1609.1307417336152	617.511347270508	3352.862972093289	3018.490883045974	2887.808969159251
