9.832468649521408975e+07 1.846460601615426689e+07 1.033695930249535595e+06 5.223317423351850593e+05 3.449528734223356005e+05 -6.632321631734418042e+04 5.294220432271067984e+05 1.163057920097340830e+05 -1.572426629515481909e+04 2.699916517801160808e+05 4.795806164473720128e+05 -1.407049219487533555e+05 -6.034631808389374055e+04 -1.869368067355618405e+04 1.684292763439447735e+05 6.174073065242693701e+04 3.906548934818415728e+04 -2.917089395999207409e+04 4.624404093101414037e+04 -4.970515074575865583e+04 2.229568788258393761e+04 1.311885850603582730e+04 -4.759737181758455699e+04 1.085055407277752092e+05 1.037149141866590071e+04 3.770791088001547905e+04 3.332007700506436231e+04 2.384727013905791682e+04 1.768065291021918893e+04 -1.505804529744693355e+03 -2.090967204234356177e+04 -4.693619926909927017e+04 6.393829931083492738e+03 -2.186115888631129201e+04 1.170267464176201975e+04 -2.758512666698878547e+03 -1.878657178903839667e+04 -2.828311186683872074e+04 -4.384698094484845205e+04 -2.299844872588595899e+04 -8.620954716422245838e+03 -2.408476348338622120e+04 8.705931497962696085e+03 -2.681018401715212894e+04 -2.396296976188302142e+04 -3.259626408924726275e+04 -1.083457775102881715e+04 -5.286936728315074106e+03 3.647019386039108783e+07 2.025985145119008794e+07 4.073568105189475231e+06 2.259065866427799920e+05 -3.441979642465425422e+05 7.708825038122126716e+04 -2.520819159321839397e+05 -8.179370473862139042e+05 1.955726147037468036e+05 5.954925632095366018e+05 -1.919039242140489805e+05 -1.374617589458313596e+05 -4.943123009149614372e+05 1.020375754778897390e+05 6.068209661941642407e+05 6.161294768693702063e+05 -4.295250281369299773e+04 -1.078850903528480412e+05 -2.734991551791593665e+05 7.228973836310401566e+03 1.185882447489451297e+05 -1.188971511417935835e+05 6.000712464572876343e+04 1.366882489521461248e+05 6.900757300407353614e+04 1.140327980347578123e+05 1.326591996051709866e+05 5.483417135919539578e+04 -1.130075152669750423e+04 -6.978163484165418777e+04 -8.594747345755412243e+04 9.968781948036637914e+04 -2.851551856381571997e+04 -1.490591501497308491e+04 3.236633736207683251e+04 3.446014020075471490e+04 -4.430281213823643338e+04 7.086632110738809388e+03 3.932222388805551873e+03 -4.221095964976538380e+04 -3.476589838619851798e+04 -1.994341896704929968e+04 -2.400063931501702609e+04 -1.961744601500633871e+04 -8.058790834047469616e+03 -5.012907419949055475e+04 -4.099036321137461528e+03 3.872307929723422149e+03
1.846460601615426689e+07 5.624380021034710854e+07 9.568072022941565141e+06 1.556670478437132901e+06 -3.672376757853984018e+05 -1.360144514244748570e+05 5.213896793948707054e+05 3.256927186369441915e+05 5.773788071045766992e+04 4.026303077231206116e+05 3.534325059630158357e+05 1.606337354323565960e+05 2.440951616615377134e+05 1.961441852247286588e+05 1.080382565444282081e+05 8.173483255440060748e+04 5.060523588172557356e+04 8.771267048814283044e+04 8.668888442239923461e+04 2.794685137182706239e+04 3.017086015952028902e+04 -8.937447224504419137e+04 -5.405339853384449816e+04 3.223899434214417852e+04 2.905232163809433041e+04 3.158180781792670314e+04 4.773920068512283615e+04 1.477668039411551035e+04 4.474629669359121908e+04 -6.655247846949874656e+03 -6.015313919689240720e+03 2.772488539942732314e+04 4.033368344416100445e+04 -1.286620262400866886e+04 -1.371371742771414029e+04 3.398924486180135864e+04 2.216135884312673079e+04 1.479002210233584628e+04 2.651097365544637796e+04 2.657316868717047782e+03 1.341832338975536004e+04 -6.573963462708593397e+03 2.255670475437309506e+04 8.498289609879258933e+03 4.475323768188026406e+03 -2.380061954490621247e+03 -3.704505789808393274e+03 9.944731326003648064e+03 5.499741575451473705e+06 2.135234731674195081e+07 9.549634566581513733e+06 7.134650142514053732e+04 -7.545049039655504748e+05 -1.741357915442342346e+05 8.805189638246940449e+05 -3.975002389976034465e+02 -2.546814105428558250e+05 6.353363449554775143e+05 -6.102396414974539948e+04 4.619520497320269351e+05 5.215915913027386414e+05 1.953661700922737655e+05 8.092081274893826048e+04 1.103414255539324513e+05 4.205049674410933221e+04 -1.110448376316719805e+05 -2.150223465370710182e+05 -9.268473040578709333e+04 -6.189361432689458161e+04 1.023466121676615512e+04 -2.003465440122913151e+03 2.003093217314155190e+05 -2.031410667690254922e+04 -7.068772279683366651e+04 -6.575111739271049737e+04 -3.777233043068719417e+04 -7.056714145084586926e+04 -9.967425424569915049e+04 -5.147648738851671078e+04 -8.735794954749431781e+03 -1.280791746311386487e+04 -6.436315299160399263e+03 -3.165710267025651046e+04 -4.184968296628369717e+04 -4.194202712535523460e+04 -1.013880581110215826e+04 -2.172502222913586957e+04 2.146850238398313741e+04 -2.950557247888765414e+04 -5.451158375752616848e+03 -2.573793829722036025e+04 -1.535189668439067827e+04 6.198480218595016595e+03 -4.362834685802497552e+04 -1.355571450280452518e+04 -2.108080656295035078e+04
1.033695930249535595e+06 9.568072022941565141e+06 3.035278198250769451e+07 6.056472081031314097e+06 1.530873921442373656e+06 3.874147852976335562e+05 1.971648569787127199e+05 7.006309717989557248e+04 1.923346176538692089e+05 4.292203162162092631e+05 1.947428733839463093e+05 1.421598285062055802e+05 -7.108187715358240530e+04 3.734051708938585216e+04 1.058601356721917400e+05 1.199368980225205160e+05 1.072612938552273990e+05 -5.552132122227274067e+02 3.097196905546561902e+04 1.042416731521093898e+05 2.009687407961293957e+03 1.629688791345763275e+04 7.613801967552067072e+04 -7.148368833520562475e+03 6.563308776160256457e+03 -5.463010949371826428e+03 2.819522756876030599e+03 -7.778742768774299293e+03 3.521121642789761245e+04 3.662266764815057832e+04 2.443427890345410560e+04 1.517277966438527437e+04 1.311838454832621937e+04 5.889557148306798808e+03 2.027109816569652139e+03 7.145498668465883384e+03 3.184370301559551990e+03 8.101134527052244266e+03 2.031921051804925082e+04 1.856482295618354783e+03 8.115064933997078924e+02 7.812581588302555247e+03 8.795358629209968058e+03 1.790018448068300495e+04 4.433603376991515688e+03 -2.136951216265663788e+03 8.058635222573451756e+03 1.271375198957676548e+04 5.013769127798479167e+05 5.635519893216282129e+06 1.474723759624275565e+07 6.435948016832164489e+06 2.432439030425155535e+06 5.353543377877930179e+05 1.261269008888693934e+05 3.051360724932919838e+05 3.571991301934265066e+05 -1.515058306884862541e+05 6.860501317083163303e+04 1.421991678844066628e+05 -1.412416797890142188e+05 1.136397388366480300e+04 5.145540365821564046e+04 -3.240683111297406867e+04 -1.909817352351338195e+05 -1.574630202564956380e+04 6.214216492947680672e+04 4.506595723760612600e+04 1.470745890584501285e+04 1.227138778657387957e+04 -3.189587962852741111e+04 5.282755117777727719e+04 4.312719308441252360e+04 -2.812221127765455094e+04 -9.341805496626826425e+03 -3.139273248908722235e+04 3.002402153217345403e+04 5.321926376037177988e+02 -1.270070571947440658e+04 6.266874944655493209e+02 3.746425362925841182e+04 -6.338072288770956948e+04 7.120495159548714582e+03 2.302860151333930844e+04 1.622300774426217913e+03 -1.224320992301349179e+04 2.754720212458356036e+04 1.333303580109723225e+04 -1.848792877503610725e+04 -1.829828157179054870e+03 -2.789818824691051122e+04 -5.055452586336464265e+03 1.831651515150726482e+04 4.322487639377505729e+03 -1.867670603578476857e+03 -2.270815223171193793e+04
5.223317423351850593e+05 1.556670478437132901e+06 6.056472081031314097e+06 1.767144759956677258e+07 3.289834310464438051e+06 7.023395700830660062e+05 5.148013517558153835e+05 1.867765627048631723e+05 2.962684783839960583e+05 1.356109223840201157e+05 6.817507991672484786e+04 3.898273051621943068e+02 1.146273296089337528e+05 9.791630572263718932e+04 1.490403329109099868e+05 9.234115075454840553e+04 7.667479699764987163e+04 1.362843670253451273e+04 6.914719835446831712e+04 2.549064667217125680e+04 4.068442853444780485e+04 6.705048072233182029e+04 8.491102922442229465e+04 4.043539972818930255e+04 9.751019551065081032e+03 -1.515766211725065489e+02 3.624323632466766139e+04 2.991323453350199270e+04 3.478760102517392806e+04 2.718370664780411971e+04 2.707395543969526261e+04 1.912269494041522921e+04 9.596279801322221829e+03 1.695793019759766685e+04 1.988547406604772914e+04 2.184764135408435322e+04 1.076796403378867763e+04 3.063174382620273263e+03 1.100180786138234362e+04 8.664785476656927131e+03 2.243349533007575519e+04 2.813023710401434437e+04 2.051064216396442498e+04 1.795564061822603617e+04 4.541468927573353540e+03 6.797522029481685422e+03 9.011925680641865256e+03 1.944873619758679069e+03 2.581260223953214940e+06 2.772211504634601064e+06 5.106687037088741548e+06 1.009928006300205551e+07 2.680702594377598260e+06 1.294811564664340694e+05 5.027689782396934461e+05 4.571712548245599610e+05 6.695745936279216548e+05 1.936523301626224711e+05 1.148234257223655586e+05 -2.362663003314392117e+05 2.314496124518727593e+05 2.274666012171442853e+05 2.140673122127551178e+05 -6.565427137471374590e+04 1.459379871463100717e+05 3.377409089558229607e+04 -2.353893412307791095e+03 6.299496155432044179e+04 3.348848335318982572e+04 1.317822667386996363e+04 6.597835282039077356e+03 4.257599516948009841e+04 2.551017012587469071e+04 1.003899153743399802e+04 4.238043768812033704e+03 1.561948831292197974e+04 2.992525384800816391e+04 4.310761218412568996e+04 -6.754967950686464974e+03 2.359023932267260170e+04 2.081443149622444253e+04 -2.091080695585119611e+04 4.908261632188681688e+03 -4.914607406926174008e+03 1.075716839161306780e+04 4.849380101694492282e+02 3.394896749203872605e+04 3.756005441517857253e+04 2.063429235072470692e+04 5.574270019692839014e+03 -6.166023097705888176e+03 7.645419871964078993e+03 8.213179938961063726e+02 -1.067385179493669784e+04 1.646935247144491223e+04 -1.973261160983107629e+03
3.449528734223356005e+05 -3.672376757853984018e+05 1.530873921442373656e+06 3.289834310464438051e+06 9.768558953629864380e+06 1.839457409390019020e+06 5.479881073469385738e+05 2.321355710771572776e+05 1.224959800556592963e+05 1.190536497731193813e+05 6.462773706644537015e+04 3.888158822036872152e+04 2.186948495886937235e+04 -3.539793759970736573e+03 6.093784096831872739e+04 2.284761285643335214e+04 5.275146715150499949e+04 3.850188336374027858e+04 5.217872670475514315e+04 4.425338213920853013e+04 6.289622030496461230e+04 5.645160563579123118e+04 5.534266894784577016e+04 2.008716022404643809e+04 1.758103373708338040e+04 3.488396542738092830e+04 1.872871975968033439e+04 1.799266531014971406e+04 1.640688362119871454e+04 1.196719035078472189e+04 1.885979607979496359e+04 1.892567302230949645e+04 2.541202773973247167e+04 1.062565451557639062e+04 1.305234734543955528e+04 9.666103427879377705e+03 4.470106896027588846e+03 8.500440352110981621e+02 6.758664021791853884e+03 7.081230955831927531e+03 3.652090053505805827e+03 9.683817712255366132e+03 7.415826140136234244e+03 2.899292357624655779e+03 1.362918004943167716e+03 4.638789556714310493e+03 4.403727011095417765e+03 9.258817899291063895e+02 2.069549067331779981e+06 5.606241019691045221e+04 2.801130571134165511e+05 3.867595048446705099e+06 5.524628946473713033e+06 1.954293354650172172e+06 7.283626933357378002e+05 1.650851521447682462e+05 1.259227849395705416e+05 -2.497665083582092484e+05 1.812149709042860777e+05 9.365074325933659566e+04 -9.235462237565848045e+04 -6.566999620185895765e+04 -6.381816573156615050e+04 -8.423276144277825369e+04 1.229380053373953269e+05 -4.367651647904678612e+03 5.590240207704192289e+04 1.203727616667852562e+05 9.460175024769507581e+04 1.024547714109384287e+03 9.016542862818543654e+03 4.629307729526259936e+04 4.113459373896850593e+04 3.322168497561577533e+04 1.063947695098461554e+04 6.493972769135017188e+03 3.853645178842911992e+04 1.674051580773543537e+04 -1.135882108698397315e+04 1.109611413464872385e+04 9.960861780663949503e+02 1.209513538564463488e+04 -1.927009631495527719e+04 -6.658861930423829108e+03 7.707000231889797760e+03 1.064817328305632691e+04 1.015905130649470993e+04 -2.914008936762963003e+03 -1.733204461321574126e+04 -1.665359568159147238e+04 5.824125311608825541e+03 1.706309422049579007e+04 1.573745629661117891e+04 6.952761874484628606e+03 9.656049114939984065e+03 -2.997026314630666093e+03
-6.632321631734418042e+04 -1.360144514244748570e+05 3.874147852976335562e+05 7.023395700830660062e+05 1.839457409390019020e+06 5.587915216968578286e+06 1.213588166169947479e+06 4.395842446739886072e+05 1.717500927124679438e+05 1.947829155144342512e+05 1.656389620899296424e+05 1.209511719522664498e+05 7.491777883963192289e+04 4.653110210727591766e+04 4.564990432630074065e+04 6.608807406925526448e+04 4.960407172947446816e+04 2.119123413680838712e+04 3.664992640833000041e+04 6.559288907469395781e+04 4.647088753444448230e+04 2.443596863634283727e+04 1.353852646048324095e+04 3.287695290631053922e+03 2.967489882505272544e+04 3.062403715019318042e+04 2.200082863122475101e+04 2.033826455681897642e+04 2.390282608048367911e+04 1.923799753443881127e+04 2.870138816309880349e+04 1.461607146333619858e+04 1.577329669433167874e+04 1.985940112427488930e+04 1.318108084823635363e+04 1.804805830911849625e+04 1.985006185099573122e+04 1.138205582979280189e+04 1.450454921620243294e+04 7.230440924531324526e+03 6.328190925038925343e+03 1.497965677123725982e+04 1.384068148270906568e+04 8.022917692625639575e+03 5.515892871273144010e+03 4.947533460683701378e+03 2.923194499875937709e+03 7.564734402855148801e+03 1.627425429872053443e+06 3.112990747718191124e+05 -8.546989569123742403e+05 -1.086436642177707108e+05 1.746345007524681976e+06 3.107384558203985915e+06 9.242013943837713450e+05 2.746697122868258157e+05 4.265651915853550308e+05 4.736935558962259092e+05 2.599420476987932634e+05 1.265935148948327114e+05 -8.038106698347641213e+04 3.355836546252900007e+04 4.199501113781400636e+04 1.160577735921451313e+04 1.040596748057638179e+05 4.869763092040573974e+04 7.613291646272758953e+04 5.641156412903600722e+04 5.760781237019486434e+04 7.801329751597229915e+03 5.977834132905628940e+04 4.047893967469164636e+04 3.742430322813299426e+04 2.595589946173326825e+04 6.103397598796837701e+04 -9.485241561540109615e+03 2.823400784969255255e+03 1.660245886117651025e+03 -2.101345460672304853e+03 4.624031580552108380e+02 1.366773242700446099e+04 -3.828266445123582798e+03 1.667720087357834927e+04 -6.472855451539616297e+03 6.917848536743375917e+03 -7.096108533940725920e+02 5.273924331673252709e+03 2.774895766262707548e+04 1.218876772610876105e+04 1.954433335511286350e+04 2.003446806542808554e+04 7.012694502941995779e+03 8.113159461050101527e+03 2.101635906579273069e+04 4.753873602159787310e+02 -7.290528498160210802e+03
5.294220432271067984e+05 5.213896793948707054e+05 1.971648569787127199e+05 5.148013517558153835e+05 5.479881073469385738e+05 1.213588166169947479e+06 3.775480829407074954e+06 7.456340540080270730e+05 1.773897768326218647e+05 9.995166819356975611e+04 6.506543866030358186e+04 8.193410673314573069e+04 1.143091554886604717e+05 4.112016249745258392e+04 3.560889409579950006e+04 3.508061923000417300e+04 2.856138846112932151e+04 4.079484254628053168e+04 4.297011440105525253e+04 6.139671538956847508e+04 3.573301950596299139e+04 3.004675202206163885e+04 3.472000301188185404e+04 2.191722370380527718e+04 1.298332912342901000e+04 1.788358997038114467e+04 1.435096832997843921e+04 2.244181697771819017e+04 1.304134661768751539e+04 1.419603249411796787e+04 1.305887355481511804e+04 1.153902458037891483e+04 1.238798278680020303e+04 1.378410276065109429e+04 1.247663255106295401e+04 7.789806394268862277e+03 1.572811916677012778e+04 1.112138153765466450e+04 9.985778904067641633e+03 1.376965622544978714e+03 9.706067119323332008e+03 4.301637578223018863e+03 4.952259533082200505e+03 -4.805232346245176132e+02 7.126006810648254941e+03 7.916431488924099540e+03 7.717619480607290825e+03 3.992574919363444224e+03 -9.254797598993917927e+05 -2.876954769533661893e+05 2.448914527772426663e+05 9.309905740067728329e+05 4.649188901738552377e+05 1.142116775190954329e+06 1.873597405822135974e+06 4.779450726957154111e+05 4.108624014119731146e+05 2.364394190104828449e+05 8.237742145295969385e+04 6.514249846934420202e+04 1.268002161192852509e+05 1.213729840488604241e+05 -3.135603352420915598e+03 -6.008590767895695535e+03 3.848534718356554367e+04 5.924518134781609842e+04 9.065319072813009552e+04 4.996195059894653241e+04 2.312263833307846289e+04 2.031359591628730414e+04 6.542072698412218597e+04 2.298661450426121155e+04 -2.137429905623906234e+04 8.298331808863043989e+03 1.727689646963852283e+04 6.387073414739239524e+03 1.633309849353067148e+04 -1.262986659744295685e+04 -4.532009779413473552e+03 -2.117936352604870081e+03 -1.078752006243986943e+04 1.814355888987455728e+03 9.827072050490483889e+03 -1.623946404627068478e+04 -1.410201627397745597e+03 1.962988596030448207e+03 1.369102489773557681e+04 7.632751275653723496e+03 -1.664072043259082889e+01 1.205161598534622499e+04 1.031462136463688876e+04 1.718441351199799101e+03 2.017320480081040296e+04 1.614670671468929140e+04 4.843094825021685210e+03 2.982588851213913586e+03
1.163057920097340830e+05 3.256927186369441915e+05 7.006309717989557248e+04 1.867765627048631723e+05 2.321355710771572776e+05 4.395842446739886072e+05 7.456340540080270730e+05 2.340063230231398717e+06 5.234494915730526554e+05 1.227128105262465688e+05 8.109050963804675848e+04 3.764697275951668416e+04 2.764234955520851872e+04 1.077693053771532141e+04 2.254754420226250659e+04 3.624389291835231415e+04 3.965566115834529046e+04 4.250027822043318884e+04 2.890105806690236932e+04 2.298407078416011427e+04 2.790443245865712379e+04 2.040689975974753179e+04 1.220435166045202095e+04 5.730326334288752150e+03 1.583642291740775545e+04 2.423739526436371307e+04 1.366342981366217464e+04 2.258650204172361191e+04 9.253303683500258558e+03 1.411272156903488940e+04 1.366895971079913943e+04 8.889373511401032374e+03 6.924054021544485295e+03 6.781103352493743841e+03 7.700241542326641138e+03 2.794470074678637047e+03 1.035091265239049790e+04 5.896849187509541480e+03 2.386692736152578618e+03 7.474115969952231353e+03 3.320252649412631399e+03 5.803895934941963787e+03 3.548656545925627142e+03 1.882948589507891711e+03 6.284025545952365064e+03 4.292260602065341118e+03 9.360238782068721548e+02 2.950187472699184127e+03 7.201121421099166037e+04 -4.717648710306286812e+05 4.438864564518189291e+05 7.876727376425060211e+05 3.719703619121551164e+05 3.557590653409120278e+05 6.611719367694897810e+05 1.077498642369959503e+06 5.094616620657425374e+05 1.017693312942234043e+05 1.074234487969761976e+05 7.207139676957807387e+04 -2.249753284000881195e+03 -1.491602682664801614e+04 -8.306404512603339390e+04 1.831484624100805740e+04 4.204111824446781247e+04 4.676829532258905965e+04 6.854340260486012266e+04 3.076969198534151292e+04 1.854199226721080413e+04 4.495106641410732118e+04 5.301377728503209801e+04 4.164780140080756246e+04 6.309687477500416207e+03 2.411139025450832560e+04 1.190583232468341521e+04 1.864218272107910161e+04 2.089817633708920403e+04 1.755578048580052564e+04 3.021062441875209333e+04 2.821027292970462804e+04 1.384983911343964792e+04 1.273127881583857379e+04 2.722880607411086021e+04 9.036089000794238018e+03 6.611156792598624634e+03 1.496925009824813969e+03 8.476612791094283239e+03 5.263824380673523592e+03 2.610322074433427133e+03 3.420570640845497564e+03 1.206079414285999155e+04 1.831465441747742489e+03 8.921431297680868738e+03 1.519628642757321541e+04 3.824298006326429913e+03 6.415694339929531452e+03
-1.572426629515481909e+04 5.773788071045766992e+04 1.923346176538692089e+05 2.962684783839960583e+05 1.224959800556592963e+05 1.717500927124679438e+05 1.773897768326218647e+05 5.234494915730526554e+05 1.678142027962404303e+06 3.666307168871276081e+05 8.431388827429902449e+04 3.742035361070039653e+04 5.827747827159890585e+04 2.820401551918585756e+04 3.502157655360741046e+04 3.998515739631356701e+04 3.698434339630969771e+04 4.133207303270593547e+04 2.279525040192680171e+04 1.748554898788146602e+04 1.887322058117156848e+04 2.411886957939590866e+04 1.104197361545669810e+04 3.941096426926247659e+03 1.501732448100976217e+04 9.569603907800468733e+03 1.407583075384612130e+04 1.752656725085445578e+04 1.453056046894846804e+04 9.609358767486941360e+03 1.577367956588005472e+04 1.140736413139800061e+04 3.215736054475674791e+03 7.597131523405059852e+03 1.176982300586556266e+04 8.186241131780117030e+03 1.168176805722408062e+04 5.927220208165725126e+03 3.707993536318883798e+03 2.622730976033891693e+03 2.255884773562505870e+03 8.324753593189443563e+03 5.425529434055055390e+03 4.117066625205135097e+03 1.458806316400040487e+03 4.085764679296766190e+03 2.111261313438382331e+03 1.570762710760519212e+03 2.606030208604221116e+04 5.008089363517026068e+05 1.385024107522951381e+05 -9.292080484149328549e+04 -1.313054140740989533e+04 -3.575072372924640513e+04 -1.752233777605689102e+04 1.683243805221981311e+05 8.708169590680924011e+05 3.751081620973389363e+05 1.315631818385206279e+05 6.264675935564683459e+04 1.139683649685673663e+04 2.337464571184006127e+04 1.207978441219381057e+04 4.114355153814272489e+04 4.713255742895380536e+04 3.516692884061458699e+03 5.654766121086171552e+03 1.740684821843850295e+04 4.612704194747347356e+04 3.788278278280189261e+04 4.947071247591946303e+04 3.762752397821121122e+04 2.488706954281275830e+04 3.476716407817602158e+04 1.723726825678543173e+04 2.499504049868283619e+04 2.029251673325533557e+04 2.479265310008639426e+04 2.235957269904936766e+04 2.823063265726231475e+04 1.984429126298587653e+04 8.956331861247514098e+03 1.903796994051082947e+04 5.878264647639674877e+03 1.013925282173391497e+04 1.103744036808622695e+04 5.324955708054189927e+03 9.944979715449732112e+02 9.654653909876628859e+02 7.417174066017013502e+03 7.077538846437614666e+03 2.133244768142833436e+03 2.805298807087454406e+03 6.135381783811248170e+03 3.188022104650815891e+03 2.816211770025972214e+02
2.699916517801160808e+05 4.026303077231206116e+05 4.292203162162092631e+05 1.356109223840201157e+05 1.190536497731193813e+05 1.947829155144342512e+05 9.995166819356975611e+04 1.227128105262465688e+05 3.666307168871276081e+05 1.308019859020813601e+06 2.990233781744964654e+05 4.429497763881299034e+04 3.627095465346098354e+04 2.538999159652465460e+04 3.531649008224706631e+04 3.575445298093437304e+04 2.760814740133236410e+04 2.537231574284582166e+04 1.019969327804886416e+04 1.499560555606813432e+04 1.463014835333052361e+04 1.372117665820024013e+04 1.719411626789012007e+04 5.470406770798353136e+03 8.816439022221005871e+03 7.987914844651659223e+03 1.886684851844831428e+04 1.262085350858298807e+04 9.845906730550823340e+03 9.587985909741677460e+03 1.388926717840368110e+04 9.067335749638883499e+03 6.632839649569119501e+03 7.499273662373660954e+03 5.740607769914345226e+03 6.332812185379897528e+03 4.315587780519605076e+03 6.879206260292307888e+03 5.356134576709529938e+03 1.792474613170567409e+03 3.500606534317590558e+03 2.363378098742529346e+03 6.443454922441282179e+03 5.597681575750125376e+03 4.369784628171087206e+03 3.372546439933533748e+03 3.982538684076049776e+03 5.089502856228730707e+03 6.510533776345832302e+04 5.774456974500473589e+05 4.016157806586473016e+05 -1.349914596794093086e+05 9.132553408559699164e+03 1.063746505942833464e+05 1.554679489121145161e+04 1.157804530133360531e+05 3.227776125199076487e+05 6.740143076675822958e+05 2.966475154626115109e+05 1.102465841562657151e+05 9.033261827481452201e+03 7.562542419652805256e+04 3.769740328064846108e+04 6.318950617466110089e+03 -1.859298641198764415e+02 3.596638471010352987e+03 2.487486541625342397e+03 -9.793236235804772150e+03 2.594480657255764891e+04 1.971973220929114177e+04 1.345172229374734525e+04 3.091589782448019469e+04 7.756862159122420053e+03 1.295227297343816099e+04 1.640415184566925018e+04 1.973875684388692389e+04 1.254218388684515230e+04 9.168964430745594655e+03 1.580548390999452749e+04 2.662921122445668516e+04 1.052493983362276958e+04 8.301357707069888420e+03 3.093701519044156612e+03 -6.385226835712521279e+03 6.178541140305708723e+03 -3.273117053661312184e+03 6.979755398499804869e+03 7.002602488504992834e+03 6.235681863337551931e+02 3.361028234458241513e+03 2.293506897164288603e+03 -3.339403054726383743e+03 3.162370954583022012e+03 3.351070327686817109e+03 3.033097563759034529e+03 4.955883348814623787e+03
4.795806164473720128e+05 3.534325059630158357e+05 1.947428733839463093e+05 6.817507991672484786e+04 6.462773706644537015e+04 1.656389620899296424e+05 6.506543866030358186e+04 8.109050963804675848e+04 8.431388827429902449e+04 2.990233781744964654e+05 9.308725788551430451e+05 2.063324747760466998e+05 3.885388878914125235e+04 4.089846574368553411e+04 4.237355846946361999e+04 2.446302248609343951e+04 3.325473832546013000e+04 2.319744868744183259e+04 2.050704676502815346e+04 2.094685472152227521e+04 2.264704950196981008e+04 1.258745419294048770e+04 1.584458230594220549e+04 1.364644671271506013e+04 1.281688022020840981e+04 1.258356371505224888e+04 9.873912337375888455e+03 1.014744490743670030e+04 6.071169777219713069e+03 5.851916339849249198e+03 4.842896054896706119e+03 6.371338274262602681e+03 9.567049762811255277e+03 4.260653225139875758e+03 4.284661249921529816e+03 8.939734393152524717e+03 6.983019683446086674e+03 4.160795403415727378e+03 4.182597448656045344e+03 5.367031844834856201e+03 5.760493491042057940e+03 7.479867511318248944e+03 4.277020717023715406e+03 5.814701693609834365e+03 3.886193907173368643e+03 2.614622232544242706e+03 3.431449904226989020e+03 2.110238355872589182e+03 1.248467516089311684e+05 -9.668346359113995277e+03 1.071695264816034469e+05 6.043439233592417440e+04 -4.300555530474866828e+04 9.946880000441576703e+04 5.479612107136721170e+04 1.128999296308856574e+05 2.655467541437767431e+04 1.651305667925286107e+05 4.448965630309705157e+05 1.873379502970413596e+05 2.262547140142283388e+04 3.548998001284179918e+04 5.068375947233643092e+04 5.959719222076903679e+04 3.029801927522889673e+04 8.580709231387951377e+02 2.426109302257588570e+04 9.442545261786235642e+03 1.759534769333413351e+04 1.495213039274820949e+04 2.571073226533208071e+04 5.755664462939284931e+03 5.918362392532560989e+03 6.386122346668479622e+03 1.381724927563178426e+04 1.477980513012349729e+04 1.463822301434764267e+04 8.011533639907955148e+03 3.386554368992948639e+03 2.006821351598615365e+04 1.793352786857472665e+03 3.392780512393560912e+03 6.159496567634939311e+03 5.628568954356892391e+03 6.827934562054283560e+03 3.382483967536477394e+03 4.914103683809242284e+03 5.005954637941042165e+03 4.280624884994470449e+03 -3.470186259594629519e+03 4.304830184460875898e+03 1.317595943892570858e+03 2.850742147346476258e+02 2.549554972680461105e+03 1.061274070493377621e+03 2.748688800416982303e+03
-1.407049219487533555e+05 1.606337354323565960e+05 1.421598285062055802e+05 3.898273051621943068e+02 3.888158822036872152e+04 1.209511719522664498e+05 8.193410673314573069e+04 3.764697275951668416e+04 3.742035361070039653e+04 4.429497763881299034e+04 2.063324747760466998e+05 6.736057975716326619e+05 1.380126276190548961e+05 2.667812164013834627e+04 2.931580392275666600e+04 2.396336898961800034e+04 1.207303332535517984e+04 2.387163553817804132e+04 2.026696818554734273e+04 9.993328015982326178e+03 1.447307702301336212e+04 1.112711943416623762e+04 1.023076767840992579e+04 1.011702829636834031e+04 1.556041531491156638e+04 1.239762182403696715e+04 4.932888993649716213e+03 1.088540580204284015e+04 8.482765405242456836e+03 5.996789474356766732e+03 8.394167711976306236e+03 7.183086853160907594e+03 4.190071368768498360e+03 4.026434561880755155e+03 6.331081682597868166e+03 6.737375579383504373e+03 5.323770676123550402e+03 6.146642799342886065e+03 4.130119348825794987e+03 4.234368961360181856e+03 3.345876728539957185e+03 4.554129110693386792e+03 2.790010172887581120e+03 5.057720370867151360e+03 4.608331166925162506e+03 3.675089179083287945e+03 1.414739293222790366e+03 1.384337681670910570e+03 8.319657529808471736e+03 -2.914234697681865073e+05 -4.032611782179745933e+04 5.849808515969943983e+03 2.949661279260055016e+04 5.656783053955098694e+03 -3.326440187413900276e+04 2.084079350985713063e+03 6.523976140988101542e+04 6.792677883721531543e+04 1.352146230561000411e+05 3.575165475550625706e+05 1.176040383975931181e+05 3.371775760432657989e+04 7.058076262031073566e+04 2.714874312394282970e+04 -2.749423190411415999e+04 -5.200843021934248100e+03 1.258381108131086330e+04 1.330049206562503423e+04 1.648810355517744756e+04 8.938914541595506307e+03 1.944980953408474306e+04 1.644024654570143684e+04 3.575332940168505957e+03 1.056781621746120618e+04 9.543327259995812710e+03 1.068002097258396861e+04 6.805893853722214999e+02 7.735545627503192918e+03 6.976897852462971059e+03 -3.232479694685154755e+03 9.369526554513788597e+02 6.180980743701496976e+03 7.201830869403236647e+03 1.063874988539489277e+04 8.205616016803096500e+03 4.707974701976075266e+03 -2.545890601941719069e+03 6.541598710515388575e+02 -1.464459016674222539e+03 8.395964753466873276e+01 2.154310458315143478e+03 1.344937289437067648e+03 2.295847439861942973e+02 -1.355123769810788644e+03 2.012737799801184337e+03 1.313180260165953086e+03
-6.034631808389374055e+04 2.440951616615377134e+05 -7.108187715358240530e+04 1.146273296089337528e+05 2.186948495886937235e+04 7.491777883963192289e+04 1.143091554886604717e+05 2.764234955520851872e+04 5.827747827159890585e+04 3.627095465346098354e+04 3.885388878914125235e+04 1.380126276190548961e+05 5.320056848365728511e+05 1.058620588826731837e+05 3.337678658747946611e+04 3.342862771706215426e+04 2.240375801266429698e+04 2.016424811218110335e+04 1.761596977317939309e+04 1.753218546047045675e+04 1.451315906412920958e+04 1.920487036258280932e+04 1.705489797484218434e+04 7.601926400110133727e+03 8.705507717226693785e+03 8.928004745557047499e+03 9.703708687084485064e+03 1.206431455948324037e+04 8.556768888266362410e+03 5.984961710027487243e+03 7.471987742571777744e+03 7.175287442283341989e+03 5.552240413826818440e+03 5.822801141364456271e+03 6.564682607676869338e+03 5.234418298522801706e+03 4.334578020654030297e+03 5.404239980244055914e+03 6.107864341690728907e+03 2.372740793713934636e+03 5.956892770869432752e+03 3.016324358703041980e+03 3.507320760926103048e+03 2.961215285815078460e+03 1.970909588966180536e+03 3.760068910353526007e+03 1.447209146016130717e+03 2.180275277193709371e+03 -1.361957565467823297e+05 -2.690746095304598566e+04 -2.179460325385543983e+05 -4.850612892432476656e+04 -1.345113105326496952e+04 -1.706316584606972538e+04 1.356764729268985684e+05 2.477876179543589751e+04 5.025404810757318046e+04 6.381431057417615375e+04 3.197050332333207916e+04 1.370270768597410934e+05 2.502576756109836278e+05 7.889384797889154288e+04 3.103374909794363703e+04 2.244773973389026287e+04 4.383784220011988509e+04 3.201481331733129264e+04 2.149110130811379349e+04 2.580726067205937943e+04 2.971548605130365104e+04 1.647973719787794471e+04 2.008834354587787311e+04 1.223603404544188743e+04 4.252310395592941859e+03 8.900350566277662438e+03 1.396719273302605143e+04 9.050132728604587101e+03 1.021375928814345389e+04 6.946616527619966291e+03 2.159181591389224650e+03 7.182013569760512837e+03 1.234484528749194851e+03 6.127977529716455138e+03 1.065459669598444270e+04 7.815132462320726518e+03 7.754083729425037745e+03 5.368889660329382423e+03 4.496843607030228895e+00 2.895886843833466173e+01 3.579273203469964756e+03 6.648842094377047033e+03 5.780061229568795170e+03 3.948602193549230378e+03 5.355229070249100914e+03 2.772374745031624570e+03 9.303959311906772882e+02 3.568997730579412746e+03
-1.869368067355618405e+04 1.961441852247286588e+05 3.734051708938585216e+04 9.791630572263718932e+04 -3.539793759970736573e+03 4.653110210727591766e+04 4.112016249745258392e+04 1.077693053771532141e+04 2.820401551918585756e+04 2.538999159652465460e+04 4.089846574368553411e+04 2.667812164013834627e+04 1.058620588826731837e+05 4.091442417928304058e+05 9.341293384671138483e+04 2.306370475308757887e+04 1.408137323665349868e+04 1.392541197268489304e+04 8.782526959889899445e+03 8.513646746448686827e+03 4.909117235636385885e+03 9.203496889312102212e+03 1.303476379585598261e+04 6.573061896200985757e+03 9.732711052655153253e+03 7.037818976217102318e+03 6.824804386768361837e+03 4.304026935628919091e+03 4.889832771311674151e+03 4.848450453872108483e+03 5.197438091434287344e+03 8.330514909985464328e+03 5.683436227264746776e+03 4.963503861935912028e+03 3.014491336772367504e+03 5.577846013957160721e+03 3.182727430497564910e+03 1.720328013470551696e+03 4.466334667784596604e+03 2.191137057130099947e+03 4.171881314207907053e+03 2.853864089598525425e+03 4.053701046625956224e+03 2.860288131318312935e+03 2.516973145249713980e+03 2.099800918475400977e+03 2.249443563361586257e+03 1.703101178032070266e+03 -3.737095457025024225e+05 -6.679369000991803478e+04 -2.973378306901046308e+05 2.036303918794128549e+04 -5.600236584268586739e+03 -1.466221421682053478e+05 6.587016303231580241e+04 4.270358797137757210e+04 1.022462351131310788e+04 1.554246309027973803e+04 -1.029423954830439288e+04 8.513338510205554485e+04 8.453113848628599953e+04 1.581365120783880411e+05 9.364127925302562653e+04 2.071466118583596472e+04 2.431559272971692189e+04 4.307186530351191323e+03 2.310426090744461544e+04 1.648808872927891935e+04 2.141436067471062415e+03 2.100736411269725977e+03 2.069060739703299987e+04 1.159129258826180012e+04 1.499655472021767537e+03 3.671067004028422502e+02 -5.550706273748587591e+02 8.563132320819153392e+03 6.728930944443296539e+03 -2.057682692469738583e+01 1.421563642854821865e+03 7.902370136728383159e+02 7.494551344883506317e+03 5.151862939558088328e+03 5.599651945926006192e+03 3.893278525124801035e+03 6.137757175883438322e+03 4.368222989767604304e+03 5.902435114369523944e+03 3.396179325694038198e+03 4.541005509956833521e+03 7.969075921366728835e+03 3.260193759863510422e+03 6.144810668128093312e+02 3.384378986660542978e+03 3.205278455317137741e+03 4.402412450800621627e+03 6.371770531076051157e+03
1.684292763439447735e+05 1.080382565444282081e+05 1.058601356721917400e+05 1.490403329109099868e+05 6.093784096831872739e+04 4.564990432630074065e+04 3.560889409579950006e+04 2.254754420226250659e+04 3.502157655360741046e+04 3.531649008224706631e+04 4.237355846946361999e+04 2.931580392275666600e+04 3.337678658747946611e+04 9.341293384671138483e+04 3.272835738017526455e+05 7.589377000889275223e+04 3.239985097303210568e+04 2.233495769338517857e+04 1.669304547884482236e+04 1.324872077359781179e+04 -1.554577535551271012e+03 7.504828231176747977e+03 4.325571631007260294e+03 4.159629141540975070e+03 8.570103702541055100e+03 8.661792864882292633e+03 7.367356031215647818e+03 5.880479657889195551e+03 7.057464495725464985e+03 2.821053214526985357e+03 4.325871569509125038e+03 2.908311973755412964e+03 3.029868567957687901e+03 3.617234942026446788e+03 3.844373999563004872e+03 5.915765926821252833e+03 1.982418302105602379e+03 2.374249955785146540e+03 4.191395585332579685e+03 2.149528885663477467e+03 3.740947187877847227e+03 1.830029102446035267e+03 3.237739925895749820e+03 1.836701177741053471e+03 1.641261290491808268e+03 1.311940444219060964e+03 1.338486145279291122e+03 2.445938149214172881e+03 1.209822994181592949e+05 1.840353001428428979e+05 8.657947337163970224e+04 -5.880610270253026101e+04 -7.036719157481998263e+04 1.975880992749682991e+04 5.799726844144050847e+04 3.241316726543819823e+04 3.655855316961748031e+04 2.163070052712517736e+03 3.940348869856413512e+04 6.674096608827888849e+04 3.906516757799329935e+04 6.883654179340958945e+04 1.455425205629257252e+05 7.508656912069485406e+04 3.029223942210777022e+04 1.403333146191450214e+04 3.247140296721579216e+04 1.261777085892276591e+04 5.881273715868516774e+03 2.455202936402731666e+03 2.521769411707665313e+03 1.174016912736628547e+04 3.549548363170576067e+03 1.008182774114365930e+04 1.001321498925826927e+04 7.059771448237906043e+03 3.567933492368793850e+03 5.240778866683701381e+03 5.822760454745139214e+03 7.054416413841137000e+03 5.703512478390633987e+03 3.635026701943773332e+03 1.009415085237155495e+03 2.293386222498625102e+03 4.260512173093059573e+03 1.975194211000472478e+03 5.330760456116031492e+03 6.420493694812907961e+03 2.734273769096926117e+03 1.540661723126260313e+03 7.829988507602570280e+02 1.384227698788815360e+03 3.055350039749094776e+03 3.240092743907802287e+03 5.918084883371666365e+02 1.165284923297237583e+03
6.174073065242693701e+04 8.173483255440060748e+04 1.199368980225205160e+05 9.234115075454840553e+04 2.284761285643335214e+04 6.608807406925526448e+04 3.508061923000417300e+04 3.624389291835231415e+04 3.998515739631356701e+04 3.575445298093437304e+04 2.446302248609343951e+04 2.396336898961800034e+04 3.342862771706215426e+04 2.306370475308757887e+04 7.589377000889275223e+04 2.324653796336768719e+05 6.231065634458388377e+04 2.199173280018207151e+04 1.568981662636538567e+04 8.209635275350563461e+03 4.522657786351815957e+03 8.823841154528710831e+03 9.986361122689057083e+03 8.145314123536350962e+03 1.002432072426398008e+04 5.642989022955676774e+03 6.550681515232851780e+03 7.389764336176491270e+03 7.849901998931381058e+03 4.608410193597440411e+03 4.462010651459735527e+03 4.968281085953251932e+03 4.575916096560893493e+03 4.702322053055916513e+03 3.283594644077551038e+03 4.328752168361857912e+03 3.076485940831381413e+03 2.046599017541866260e+03 3.504938179227125602e+03 3.628909936101228595e+03 4.084378092457136518e+03 2.079912921284866570e+03 2.844222763709572519e+03 3.263928882851620074e+03 2.839784450497768830e+03 2.133912350649855853e+03 2.220268201749605396e+03 2.745178773326341798e+03 -2.475724628379062051e+05 -3.011458403875572258e+05 2.674578125437359267e+04 1.678027407938416218e+04 -6.164320907709492894e+04 -4.928313288152914902e+04 -5.847890871375065035e+04 1.361252061236247209e+04 5.005416595908418094e+04 4.303370778690281441e+04 3.102405037526428714e+04 4.175441610020517692e+04 3.373476156460747006e+02 3.696130598120910872e+04 5.992470648317715677e+04 1.154332024261038750e+05 4.795781110711656220e+04 1.553002015398577350e+04 9.241763968473325804e+03 7.876781030758126690e+03 -2.531883109978995435e+03 9.381386134540915009e+03 7.089765421834912559e+03 1.233244740031525725e+04 4.850157542199258387e+03 3.708306593727564632e+03 2.352544520310303142e+03 7.901411384061425451e+02 2.004303180576275736e+03 7.093967411000669017e+03 4.951485323745016103e+03 4.155654031111644144e+03 6.348238726854468950e+03 5.483195107786825247e+03 5.337964501261845726e+03 4.359023969866919288e+03 3.536216780323007697e+03 2.442860384183506994e+03 4.519601679753059216e+03 3.300558784978687527e+03 4.843327928060714953e+02 7.670799757058236992e+02 2.487508838702224693e+03 2.032125608145832075e+03 6.463795895665737135e+02 2.316719397838533496e+03 2.195827632523828015e+03 1.705312494446670371e+03
