6.451093554174084e7	1.956486525277121e7	3.5167177559353136e6	453258.4156769275	255406.3122920695	217280.88773711416	154813.9022458329	105596.38678370045	32568.61699269137	54617.65883914054	95643.62442272397	-2680.059134372751	113799.27098126397	148896.19539221853	24078.41939793509	40434.12819824716	69139.45443245546	71997.93763161391	-35548.85287824494	32464.950001254776	16552.21266457235	-6805.4893696400895	66596.18055124259	49959.81104260546	62408.650988472466	39328.04979089307	27355.163371197985	15818.851662533327	49294.36878871597	32193.156683440284	30264.872542268928	16778.671442897044	3885.3328515839644	20248.535038360853	20563.55063978491	-22.1457844287537	-737.8458522168186	-22051.871483598876	-18369.658251076282	-33072.927604366894	-8178.209639045488	4567.99994791158	9593.557360314408	2126.193357157341	-20702.158080713605	-17323.59780202908	-8809.330273980215	-15971.936317162026	2.1524245916950498e7	3.58846850721677e7	1.0919916121871358e7	1.0891404633986675e6	-331365.53399287804	469789.00039269717	375918.49565375934	70642.25074370485	-113612.48142897025	85462.96506230741	-122059.54006519825	5592.776178419378	219389.4138348992	-136847.34839162833	126526.68129124214	260308.28093223763	252802.68429221452	44615.06364101799	45447.90444076143	122721.2271848901	163664.24691631758	76859.37133010106	-37288.317961644076	-1936.1921224276307	-38669.58314202596	16983.875821576992	78843.91206470017	67230.23550382759	6762.797679119062	5900.71833984929	-30877.064620433284	-78311.11082433573	-20024.49698497663	-38205.144130469096	-19568.248706350754	-42932.42285687923	-45033.22129717246	7016.09856417303	8663.238036039933	42587.25824560811	-3705.3151716920465	-15656.109165929734	-20526.80440385301	-12173.068324475844	-25729.699531925256	-49711.37973938647	-48360.25405727621	-19892.661471439656
1.956486525277121e7	3.1013655807589136e7	9.489628318881981e6	1.5602987923985587e6	611714.3409222357	264862.0371876528	139723.99848932863	52188.9752353294	104205.22918150116	175321.95934217775	-97167.53356001139	-90277.74777028874	55000.07962727456	125701.62907822437	31499.1892654648	181.56992466105754	88196.20897662739	96640.29289142614	31514.885776288444	44507.416885839	29061.225760182628	9747.78909997862	23615.38192484432	38479.975795752696	33888.13093421773	11084.982949972517	43605.89273799321	33948.06049196244	53792.40116528004	7633.057094986585	13616.62539739554	22806.189938309122	14277.865474887078	16325.006566476868	31567.240814499884	10858.736669989536	3806.3309295233407	7693.47176375486	3422.043867366903	-10266.447914593015	-877.6575951240021	6396.764064973137	-1292.6334180661422	1606.3070086178304	-11414.247832162924	-336.5986227481808	5917.712869282767	-4993.502890388402	1.5060821723850729e7	7.985030752026919e6	1.797980962887014e7	5.123400392052396e6	463756.2860077876	552521.6792978233	664802.7982393294	516735.6853968609	212934.06130886628	-2034.4425420049522	-10801.09050340469	-98523.4010481575	63568.6903382614	-71617.60669053806	6935.533796638499	51009.791485084854	75961.67948345907	26619.803788295445	4125.913899113229	3608.4467260473753	-930.1468669852112	15613.958188843371	22682.2114984274	19301.18734953579	-31171.658613512118	64412.46076406788	34682.311584154944	26583.200229184473	8535.393996633838	34617.65990346391	16533.155715185352	15691.88632585795	57218.95967398933	31268.714838422155	7431.907605970582	30561.3496452812	32148.120428213486	26311.51032268409	22056.098241439508	16903.481331296538	-16891.175674259557	-11127.982031951478	22835.086380067623	7100.01056836377	1831.5457754183092	-16705.051201950257	-1457.4513618832477	12411.432429272247
3.5167177559353136e6	9.489628318881981e6	1.657424647152608e7	5.088381958007757e6	1.0230653790907753e6	190974.07782787117	317687.33915871265	302486.0528256787	175407.94587758707	112816.0843720472	-2782.86049573543	-66697.22082108309	58581.00740310464	32090.33007017699	34471.81588076424	-10807.965010011489	23385.073273461876	53826.26617933636	55798.71238483046	39048.34624762896	21984.065517050974	-6166.991350263406	29538.81861489135	3130.6704330436164	16262.447448822373	17286.33076470761	6685.1222989179805	22406.321882556094	25732.5402250653	14863.627984666029	9086.917281945038	25503.71319322919	15071.078153256418	11197.936383021222	17787.81792267223	21623.813937172228	2490.2376646657226	2166.0646079261446	-1590.9663856023997	-5111.120917345917	3168.2008114652604	7645.622838971667	5626.37661498199	7647.908541957102	4514.857680957472	4053.8307403176586	-1322.6840111660745	4562.404628658167	7.239590334444102e6	9.441837170227531e6	5.3741424829507945e6	9.022225838706201e6	2.5236190239651063e6	1.171139613445107e6	761482.6960382138	653243.731524037	324266.3038271671	330821.1428380777	220882.27645428444	92951.44413468761	85871.66829018953	133260.79135024617	84268.53285471557	99701.79466403653	89609.64533803084	-31063.258198852698	-65584.107691263	15605.31335199046	59992.77399280507	66388.87956490349	39948.19055426712	27879.98500794607	-31895.169229026364	38899.02753134093	61735.68922655473	22673.05297691523	37499.69705095709	24962.474057593558	18264.371023372853	27179.166428721444	55801.89172895315	16543.44754713828	184.89438132901682	-4479.884432918477	13505.633818295732	10474.408540508408	27939.146761440097	16263.41962847519	-4696.913783307735	994.5939398159566	20367.722367403527	19350.239760922374	15849.858635634788	4391.860169242988	4420.491571305173	-13506.417866191701
453258.4156769275	1.5602987923985587e6	5.088381958007757e6	9.56462279889338e6	3.03079452981124e6	354421.582679198	140296.74051228014	199774.73042597316	159914.52199053898	104706.62074386215	51709.859501731305	34979.233816567896	6254.909681863473	-25953.62172725133	29367.32544768493	44900.401589513895	20017.909484060576	33733.44218671759	32063.262272404147	25225.94475776764	36220.95797405254	18398.68692501845	21836.433547247492	8531.993544709585	24748.296873833595	15638.23648830368	21632.284780399557	25122.472061395718	24862.116015475527	9715.443606694847	1220.3046752827138	476.61033834534163	7818.685302429559	8076.112577689209	13018.050325919465	15432.094896460025	3759.3741366154372	3103.4891396732783	-2304.672523349666	-1663.9067454475457	-1534.8360924900428	8573.159713055675	4839.970440590977	5776.897943965486	5522.930118619698	2584.9476324706948	-1625.7896019625166	2359.5297715158654	1.9213960886566173e6	2.7874214095792547e6	5.035493870144579e6	2.0400796164093278e6	4.152813486568917e6	1.2975353580842926e6	160131.9239763012	253622.83798983935	321182.89041181083	324342.44186891377	202769.30157602965	20022.897805432374	13227.827909090329	151222.25097850087	112037.5800718273	14564.441507712754	-25669.916848932604	-77381.17790266972	-22898.141730312505	25098.475942590816	42287.80398392523	62448.152502138226	58352.1947143539	34385.90102289161	2122.006711223976	8079.092708409728	8262.63915859553	38632.37890660138	19152.708932618414	-6385.42704086368	2494.3497386740933	20344.80015429257	17636.710125357324	6717.037891766173	7263.290170906341	2118.269922230185	4239.808372901312	-2094.7001669751608	12565.694482808876	11353.773707562157	8201.256548743062	12360.612192462073	15078.59872464139	12777.497456546385	13013.317961747834	6594.365387300711	9490.1403404895	-191.9186657370931
255406.3122920695	611714.3409222357	1.0230653790907753e6	3.03079452981124e6	5.299698103651893e6	1.5457760741917097e6	245491.55810621704	105336.28272352174	130055.14361376267	152537.19492554816	103701.81376312429	59671.44233156082	6201.565796454243	-23658.78848537883	22314.95623461447	63856.75849770157	44483.73745808933	48316.61815679201	33633.98381903197	31543.239532538213	38474.90454220823	12232.21993144985	16081.48258403591	15842.859358469525	34706.26464475928	27448.405793505986	15934.818110133034	22828.19722043544	26994.12356509291	18518.574692554994	11814.764002809952	-2337.015448559453	6983.704451648948	13248.386767301883	10793.122410699143	9480.124135443055	9687.362546104534	9545.951435884697	1302.5207805782918	2209.509791506509	3388.2468128578075	8798.846818148499	7433.679251077236	4430.003929366433	5737.4191086479705	3824.0226531972344	878.8877482696746	3738.420952663171	1.4072814487963067e6	-98776.53908161355	1.3845709412707032e6	3.229594766604299e6	1.169880323095784e6	2.4185392516174503e6	751534.5844491224	362837.8397419589	208971.8143388723	258767.77172965734	142105.4763186973	-3708.2317191827506	7103.765329486079	103026.33727326673	67104.36717094464	-32884.05656495686	35890.13156010645	64908.95415365818	32889.33335635276	25205.063475948948	59340.34135702298	54889.928351869836	13400.195437445602	5125.635967772903	15223.854387155276	19236.12860447306	29462.234615671805	33771.27519034285	27452.934890926957	15412.11955358023	-5505.791882426523	10950.498655699472	11312.06347679054	13038.982011350445	16011.47855426626	3029.1592723607423	-6532.567411843644	-9001.163129713737	2095.31345381651	5011.921438027009	8634.303120483015	18684.273109575908	12578.33378536813	10045.373310140141	2592.194255920817	-7238.605674407147	9973.09661814775	12681.584190880101
217280.88773711416	264862.0371876528	190974.07782787117	354421.582679198	1.5457760741917097e6	3.192157404562129e6	1.0257372187291129e6	151106.6736904711	67443.03929827745	77511.89993345832	74108.82178816358	63860.80132557758	41404.30055728468	14571.637200132749	22205.213225709504	18853.20639059255	21937.44173122041	11770.027965696738	34031.12136798892	25219.601294329324	34563.44515438942	-444.94082999699793	18161.601420094597	23457.428686292104	22487.760065463503	16430.063061845478	19459.976063416958	15323.259204118234	16707.065498808308	15603.182485790958	9664.098430227545	3422.7991396651187	9215.073734873064	8186.27310260346	5575.5370435297755	991.7988459578862	1894.631125958914	8506.55658916823	4779.41448555812	6983.308060697609	5659.065861159235	7464.770902051795	5860.198935005886	5194.222306388735	4230.373463708325	1066.5296968858836	1566.8045123208133	3799.4900928874517	1.009411374218726e6	-127436.36617026325	316117.2520963785	799778.23680518	1.518361450295047e6	796466.4208369221	1.5187146812865e6	531420.8590703538	128080.93627477705	127697.2636388642	177100.9739836707	135154.77732192015	34275.79824290214	8514.259501185019	46077.629021076886	47395.9898490417	64696.212001185966	74056.85804661817	30842.938865104596	25614.506879375658	20587.50409006135	69016.27651683477	16097.981078458892	24068.76603166216	36934.12483860052	35101.50475968743	39648.94517939655	31444.19158322681	24795.203782842458	22021.155919923785	14737.353891332024	22671.671078413165	16808.95392433861	17893.250684461964	13488.341802379418	12415.025980958226	7532.130662894452	-4525.6125875730695	-2394.4786634019597	4297.826386330123	7673.964648404485	12364.210544292626	12485.513507361087	7867.185542606356	1584.3968506072101	-6143.119467429574	-3367.5774284516965	4092.712598602268
154813.9022458329	139723.99848932863	317687.33915871265	140296.74051228014	245491.55810621704	1.0257372187291129e6	2.0678474839505348e6	756815.8201971567	175809.50166240535	58321.75688735144	64210.987209500025	61248.20980301998	34966.104157329515	25431.84401489787	11806.097894897117	18496.49798093203	13158.77975587124	23070.73118498482	31333.059282386395	12331.097064792828	23081.86417615953	4503.096848987773	15409.887059318407	22873.027906690324	13693.755785965805	21403.98611806391	15232.342332475215	7221.808884130437	1254.8770643708447	8615.239909960648	9146.895494439717	7884.818073744061	10480.996546365966	5406.467086976315	5566.923284463072	9027.451856555019	6506.121549613622	4531.074792552264	5960.6685864908895	4124.753625611349	6805.085074758319	9241.11228840986	7015.560827751446	1452.4039142301929	5933.876488076107	3847.683520416938	4450.9969456018425	3286.8704829724143	1.1997613939621856e6	597661.4723953223	388113.40766512055	-37472.327242204585	68119.1901205507	992293.359237998	451689.7576189674	918341.453846719	267834.43828097166	106909.92993807817	109449.10772664612	77152.0684737222	11960.168238164162	-49697.5412987639	-13406.28158255169	-8450.357650765114	9253.669700289065	39576.61617366463	12678.038602117987	16184.433494535106	11525.588152593225	69862.61573523653	52848.22918523257	21656.264750312894	21844.654692770448	11265.594810638759	10499.586698287283	11892.737534520542	20587.185876687166	20609.40574926696	16561.58960956034	7517.681357592168	7056.75059759852	10778.496995202575	10237.721387681722	11620.968499534181	6872.908350160643	5645.795398538869	2318.313279100671	8951.143309083003	6239.796209831213	9025.82715011285	3496.9035230056656	6228.046366842237	6125.839666880935	5265.230372973858	-2073.0755919978174	1013.8519941510119
105596.38678370045	52188.9752353294	302486.0528256787	199774.73042597316	105336.28272352174	151106.6736904711	756815.8201971567	1.419691575012398e6	487486.31946543604	77743.09279165679	42535.26990870067	35713.00757541268	33839.71420991703	14843.87807737893	15695.621897567733	23608.174818944735	27627.584825843223	13720.538545642223	18064.41847616655	17010.50906034844	24530.140899322458	13095.068704423107	10194.825384816697	13445.426896003008	11287.284144257912	13007.810814861981	5839.683997041907	8246.426502383214	2872.398700701748	3873.6838051368954	9948.93203514432	11701.06156888654	10935.041665290977	8914.049125900941	8051.60414764987	7966.146364284515	9386.583503405072	7026.112818183316	3984.957493778998	4886.129279208361	7194.369625338255	4597.371479787493	3853.714942718673	447.49848740272324	4950.130860272852	3345.0640165111513	2776.205865091961	2541.8068179786555	-19727.07127905127	203380.9084190371	-122678.3057253504	-271537.73174564796	-217534.97902969047	279456.52389641537	668768.0475656863	239027.54383167217	561201.4601504675	204185.69672093607	31422.163433437705	8320.284607489348	-19570.868944079957	-36527.1971395321	-546.1121081102705	4242.644338354821	6337.4974320472975	38479.44253317087	21411.94106709197	16700.003386523593	23959.09973762913	58684.314793986756	55614.63084458437	23615.810955567675	14578.520303787984	5896.828433105	11278.99672582517	6211.525751119432	7600.115182949477	13792.875617665752	14857.615202572304	6035.916364930454	9658.347176806468	4902.331432756027	7273.105308332082	14348.393890023182	4553.069205301811	3302.4306909234183	9038.102792441605	14625.45994021557	8565.624159886076	8014.661838568477	7531.920302681202	8987.923980864181	3354.6534321408826	5044.979304569959	5573.498842243604	5084.665476597071
32568.61699269137	104205.22918150116	175407.94587758707	159914.52199053898	130055.14361376267	67443.03929827745	175809.50166240535	487486.31946543604	956930.0952370799	361249.7952944522	80930.80417790076	53161.50515138613	45182.4790694819	29691.452341755852	21228.26602589873	19666.93524858929	27295.65485888977	12354.991598623752	10409.422712577676	15062.361114564585	16225.793988947713	9551.833944098367	10739.794798817169	16444.604668462478	15984.11264053768	12420.656193889412	10476.906268890278	11986.162931554056	9782.00922620922	5767.094782315783	5665.577529802086	7389.458355946305	6044.929334117472	6843.925727335124	6444.696043785013	8304.380987178745	8051.040703836059	7084.528360290518	4842.174625603024	6745.416912419226	5785.767831790336	4139.299089338057	3194.1013346422633	2595.527138725077	3530.117025283765	3236.299839911744	2241.7867508952045	2618.7310961181724	-155677.64135060672	106102.83710792122	154191.99255126476	-44695.10061626794	79931.66687050108	245913.8953388969	314435.9358210794	507576.04079847137	147638.3357739033	420963.91712723975	157929.22181964206	51985.9683590108	35655.314552739335	3803.5385992023753	16549.578682918644	10926.218271596474	14177.075850895311	17198.582805951446	348.54683033593295	5826.991868487512	22531.525885901516	32749.061615018716	26491.020813875362	22191.341981474445	26239.833101712036	16740.901793944122	9709.929397478327	9447.135320477313	16146.008365843367	15040.182415185298	13796.272060695945	9878.944549788448	9506.58317677116	2561.9198039012904	9180.575137405951	14576.154182581175	8866.498461176183	2995.794167856576	9060.114805007208	11023.03790485933	7668.068360996212	3762.9161465673633	7614.061042368139	5664.387037044244	532.2800847825071	4034.0793359014083	7597.026841705473	6533.200092206946
54617.65883914054	175321.95934217775	112816.0843720472	104706.62074386215	152537.19492554816	77511.89993345832	58321.75688735144	77743.09279165679	361249.7952944522	743395.7104330934	247372.57138616056	74934.5100183145	38831.119492745616	22608.24570776213	20916.38765505263	14502.307413292496	21809.711919028792	5490.30701800654	6994.708511932474	20015.15224502509	14216.382105801751	8058.299363535997	12515.566813233721	14533.195004145724	10403.118590787382	15736.533939811883	15271.387114442921	7651.6388290824825	7000.870407571016	6667.837131768687	6159.744104851407	5076.685616888857	5368.906515608777	6981.122029342196	6404.219007195165	8059.426339585186	7565.965506993357	8232.154247138536	4238.084696400224	4883.394747779244	3733.5456567585547	1820.480151074731	2441.1765296728086	2671.4995488772634	2835.629765733777	3054.9980676461596	3065.667967787754	3032.562917344745	-163941.17990648048	-172354.35299614817	97320.68802481641	122878.85619385581	129359.03811673164	104360.62632049398	94419.83518474518	163380.0035128807	254996.6313492993	71009.83140724846	335639.5065431081	88623.44801828855	28557.569037768157	13422.717628972076	-2359.954588594776	2254.516408878658	10993.689640902148	24464.58197163006	4316.933360307644	-5605.630733181373	-1164.854097164847	11206.014773366913	11649.69775719519	4451.637086513796	15835.61305902932	14927.540563022376	11548.561198169686	6350.597513535897	13784.138547078708	16797.94153925192	12539.750076309716	15538.630972777413	8813.425837369645	3820.266011579437	4931.161487389594	273.51945670731743	4013.206482867933	5082.938160828247	7283.99452348239	4085.759879851087	4176.10480595927	1835.487291627659	1159.8645446821454	5368.664663499258	958.331563817656	2597.2343705285602	6430.478265141828	6797.047692648203
95643.62442272397	-97167.53356001139	-2782.86049573543	51709.859501731305	103701.81376312429	74108.82178816358	64210.987209500025	42535.26990870067	80930.80417790076	247372.57138616056	537212.3116189253	199465.64738583923	54843.18669114439	26398.61620926778	26685.22098837236	17415.630192934306	21257.60803803731	17496.586280856947	13135.401628960633	13786.281447883885	15063.934996949121	12558.82561356703	12724.892251596753	11582.36561301359	4633.11702627178	11053.668732942362	13416.793152676966	9593.511510206687	4661.171747344376	6943.68684257547	9555.639319442804	6517.91387468752	4304.924085768138	4962.991333579572	5694.885576338379	4141.722535490675	6183.590406668159	6346.116913873103	3818.293024937394	4112.302975658696	4925.749827552043	3284.901132572054	4115.229307004631	4454.039873309028	5155.9955999166095	3441.00384571767	2987.752418588225	2574.145566326112	93969.74374031037	-137386.1788931829	-402943.97135565575	-81461.41515936141	89927.18396254533	92533.44103146742	56600.157815764454	43559.07536241504	68799.72440591035	218027.24705061305	93147.65486744676	251424.36247137893	46952.23780152677	9396.230497416702	-8142.227896898908	7856.549141751373	26320.93204676407	27013.62661100438	19778.602070432968	9490.184162356963	366.62880988135305	9420.57122323731	10486.316263136128	13103.356230283647	17800.210287169266	13411.750775259181	7468.646947974321	3625.520535856342	8007.2974849019165	8696.07845052951	5036.165352179119	5421.933064831418	4721.397997253501	9623.060156291975	2360.9655084453375	-2036.5245224568728	1995.904509819578	3300.7366668782092	6708.75225011238	7887.307592924492	3997.28600464529	4291.864555507182	3458.8495148542697	1835.376446683175	677.4505222638129	4921.411006305417	4040.1819869836118	5245.391195771509
-2680.059134372751	-90277.74777028874	-66697.22082108309	34979.233816567896	59671.44233156082	63860.80132557758	61248.20980301998	35713.00757541268	53161.50515138613	74934.5100183145	199465.64738583923	420117.79567762755	162679.50084664926	38797.08086636884	22317.404280361243	16851.083272665084	15732.643764266795	15925.628633270473	13910.692406689846	14470.032952095518	13762.748901849021	10437.368520350396	10699.558225292067	9814.44722396008	10003.655749923179	12627.3947327525	8989.236108008434	5997.271795170671	2859.2595885139103	7531.816745277955	6151.213066829415	5836.825509035229	4942.94685345504	5185.160163994049	4130.844332562226	4764.182497093204	4296.678525354126	8208.651721250337	5843.136413783883	3971.9751637230756	3321.2095597621023	3252.8436068026467	2983.6701528966764	3061.675437211139	4203.953777239743	3592.0520151333785	2716.184998957841	3243.2268549535256	136195.21524953545	-189016.40727613424	-268814.750552267	-96143.78349877874	-10575.082445802074	44219.32234939969	83950.15607806061	84428.07928511058	34948.247978814215	84301.81646846689	197403.6279840675	56062.03689670449	129155.53573595079	35351.857239979036	23144.381614647195	9570.36776561881	16163.038307600738	18832.76185034618	21520.610289517426	17082.764762065606	24878.024391031962	20797.260356288378	14123.940931304254	15121.427791791297	16732.24975396278	13704.834522668241	18956.803885483372	14264.635667342098	13826.261130490813	5198.200297261648	3983.765188676216	6553.976818956182	4119.282227956018	3757.2911914883102	4673.96504014617	2203.598585373844	8332.139128342404	5911.731122447437	6081.26665473132	7010.779409939961	4546.50974720059	-1660.9708419560072	1984.9007799188553	4165.335193520673	1235.8884696424072	637.98541562159	3767.3681176283108	5191.621715253095
113799.27098126397	55000.07962727456	58581.00740310464	6254.909681863473	6201.565796454243	41404.30055728468	34966.104157329515	33839.71420991703	45182.4790694819	38831.119492745616	54843.18669114439	162679.50084664926	328796.1360619938	105786.13176881368	30439.58181008743	17005.212425822723	14494.508927458137	14711.26017611519	17981.1841450856	16386.4710970847	18261.50974664957	13364.229365255838	12551.151604317609	13235.89989146416	11428.083223288379	10494.592604375752	8817.897926777614	7980.604419222739	6428.169964267216	8982.26303801009	7541.141856171478	6608.780008097313	6153.43109377338	5305.663134604145	5211.948104872881	4953.3223369970765	2402.0108264736205	5889.629426355167	6580.891745656766	6347.663094419579	4043.042719820066	2958.1275285173397	4471.595108068299	2544.5834946231807	2968.6425099411863	4125.498717190217	3636.724793552916	3389.810453745184	226246.7845453693	-61547.62064168604	-199420.92754067294	-95228.66585408228	-4071.4086914646095	17827.814799337346	57652.39765595179	97581.93867417431	58923.98240794081	36854.79202872218	54041.04379957477	134719.4072497389	16137.636340878293	133045.8269797977	51529.52990663797	27697.10595715007	26639.03866258241	22560.05898012026	15562.727523137186	21713.061209817854	29917.121515137846	21576.64583196732	16184.049946287127	15090.995486725978	13065.341526857814	11799.638904964046	18540.799018978512	17636.288856028612	12361.828855389787	6595.311979986682	6476.060347903609	7566.12208406879	5666.860835105022	4130.947848539784	9657.1948649684	5076.071915799755	9968.53148718602	6164.702789810199	1404.5907496560028	2200.1801420123907	4640.166645973489	-1019.6459449938494	-1245.6746423698164	477.81532755399246	611.0239303598844	1800.5950004070176	2928.1890384506955	3137.4859020563385
148896.19539221853	125701.62907822437	32090.33007017699	-25953.62172725133	-23658.78848537883	14571.637200132749	25431.84401489787	14843.87807737893	29691.452341755852	22608.24570776213	26398.61620926778	38797.08086636884	105786.13176881368	241417.25477218942	94543.62096386308	25303.311217168055	19019.92936189968	10773.95587483208	11597.314987920588	13262.564557641517	8636.79737226925	9713.248134341035	11908.436788927016	11973.87720119191	10919.995600392715	8646.52692603696	8685.053755160923	5679.47418946269	7003.050624846391	6295.334126240404	3716.067059929541	4399.447501169773	4892.794548258507	3343.7802818902287	3646.5867660505382	4107.818313471318	1982.6091977713181	4666.714370311354	5043.535810912308	5591.534277111909	3999.966633509016	2456.5039079140174	2670.47993598292	1776.8271490853574	2527.262181343881	2307.7229587324846	3679.0004527213973	2416.564115847888	77729.8643439004	-20235.245907000553	-40552.110735895636	-42939.81731148932	-87409.1347215551	-75357.38930474955	9310.849887867587	48807.12247582602	3443.140624068861	36330.593980828526	22551.743017378783	47800.45279431886	117718.16997763592	26110.64446650011	104459.18888917657	53824.109903755794	25542.68295721924	20910.030919114648	12534.130248104115	15711.123733796794	18127.778253226927	11357.865568129446	10226.447279729127	9686.502049737417	8865.61250787262	9105.178045959985	6433.529896543536	11238.976685815955	9764.336132134084	7858.00196828723	7814.899151224555	5978.7672039627405	3791.7779878461665	6624.640124129825	6691.821260611015	1367.928013200531	5001.050479064446	3049.0143683624297	2981.82923723313	5328.12610504044	6696.264764330233	4142.430063540293	1703.6768483967649	1527.6203008867851	-280.5989452403661	2218.8177731175774	2135.37767384435	3313.1806576643276
24078.41939793509	31499.1892654648	34471.81588076424	29367.32544768493	22314.95623461447	22205.213225709504	11806.097894897117	15695.621897567733	21228.26602589873	20916.38765505263	26685.22098837236	22317.404280361243	30439.58181008743	94543.62096386308	200041.11540651863	75758.39280012254	21029.17184965565	10725.679518979738	11766.675795767234	11709.072923709813	9770.628200627525	8640.876628714936	7009.241800269351	9285.16402450374	7618.37048596508	6918.934099236774	5578.808484563202	7365.481123953546	6692.963505467944	5571.3220810570865	7096.001098460107	8041.527812748562	4239.9568964323735	4422.1740985729375	4510.547502468831	3483.437091254454	2903.710873362938	3523.764494207886	3217.4680035035894	3072.5542734134074	3819.4908077250006	2891.398230764537	2641.7027051902396	2969.873549246759	2382.372571864882	2032.4511197524691	2869.679959652504	2823.7393522170382	12158.093243623816	150989.50957245432	201671.5358129406	54288.61671846764	-20689.593959757374	-17082.948774275756	46355.29478355663	42975.01210788087	19464.794409848968	34662.45939379242	19877.09469883468	26152.159365887273	48325.16639095434	102141.30591957024	33663.79716891007	85698.83803135726	36025.864503112156	24401.93133408435	18539.517954293133	6868.635927787331	10749.107761170584	9719.683150974566	13333.79502023872	14504.275480100454	13418.86536521984	11549.097267120382	17593.88604692438	11345.895816886883	7619.081957810053	10261.741977071766	8123.059565606938	8661.995794180022	8310.196285850385	6640.541993034785	8182.028228063598	4038.7368497742045	1826.9659797805718	2601.164651794782	4482.035802026186	1881.7120408797357	2240.5072338744153	4975.62593829468	1823.7921246069188	1878.0824338690666	2337.4626004338484	4237.526061047286	2305.300317360385	943.0017024751098
40434.12819824716	181.56992466105754	-10807.965010011489	44900.401589513895	63856.75849770157	18853.20639059255	18496.49798093203	23608.174818944735	19666.93524858929	14502.307413292496	17415.630192934306	16851.083272665084	17005.212425822723	25303.311217168055	75758.39280012254	151459.30009262532	56478.49165524956	14279.532016460818	9696.239052762989	11116.930495632914	8889.941057237433	8003.793591887037	3234.662924561389	5535.31347645515	4813.549968811534	5194.511616172766	4850.194041051152	7091.315832149795	4734.249498870049	2812.1399051861413	3648.290057865252	5214.9417387664325	3515.3346088068124	3724.3416595892477	3644.0131226160875	2947.2881820714265	3655.991349890126	2764.0389112606626	1878.4648036074104	1775.9400164796762	2375.766224190031	1923.7841987664892	2172.2405648610215	2710.2608282383	2098.834196624443	2425.8738562027165	2784.351194557062	2033.175662388939	128013.15310150529	125590.39152921244	76555.7147181457	41622.12225109021	34332.63672694492	30276.831986885092	46048.62987247679	30523.718159442513	-3720.7435865328707	-2979.976236725273	8953.460978682117	27671.18996950209	20335.37058409058	40177.37602150107	72011.00422084387	15793.142119701219	49685.23095442909	15180.969900203401	8806.651963352677	8717.081461798602	15279.73751114196	12389.880212592923	9546.145667498837	4871.317218956107	5798.484873479802	1354.6704720191076	2250.1771791844208	-516.884184012853	4400.270979731453	7655.576928129148	3370.867117931011	3014.179494062857	3944.4992931724496	2838.1707694301	6653.087022445435	5876.50743874683	827.841946633173	1179.9922281754266	2435.7727590632594	1668.5618078116152	563.3288618736541	3933.5094570451565	2617.851331787298	923.006004171073	2915.8640420087936	3915.437405476349	1271.8842253125752	414.36021610376423
69139.45443245546	88196.20897662739	23385.073273461876	20017.909484060576	44483.73745808933	21937.44173122041	13158.77975587124	27627.584825843223	27295.65485888977	21809.711919028792	21257.60803803731	15732.643764266795	14494.508927458137	19019.92936189968	21029.17184965565	56478.49165524956	116604.09184784272	41518.576801435775	13488.564692208656	12448.57337990331	8973.581781611145	8565.143939127282	5318.016678158495	5342.28192434574	3715.072496510232	5343.018996475892	4924.4781277815655	4683.476149850811	3126.8734368709847	2506.8594992834423	2868.820629660501	3181.86965064777	2862.46333159283	3692.7360315942096	3172.4066787367083	2488.1409619760784	2577.1828881082174	1423.1102167782635	2569.0166056653015	2635.291460861889	1771.6574168824625	915.627981619443	2039.7625984753777	1920.574168279562	2422.209671347348	2580.6367466740967	2121.9155232116027	1511.1332843585903	210579.21132080743	63440.111813407115	74753.18672694138	83750.58932274953	1451.708373650026	-10462.532180157183	48155.566186940334	28971.879641512423	22505.601901941212	16433.32904737281	16152.897141987029	20742.96714854745	9113.854288661074	14728.801095372482	33592.71594061468	46833.72814627799	-2054.3594740934345	39144.243406707734	16697.24700943286	6915.190350017253	11300.304359763843	11044.294144692512	13938.397944430406	9006.35028658553	6835.494913722585	3007.907915147608	-1917.0637043255492	-3257.203733535594	3677.27461060799	8104.949488111162	2112.218681872714	1420.4159010475423	4143.296442745377	2463.1712773838185	4304.094690254838	4568.582895071046	544.41080432297	3895.4211906240794	3968.0411240006083	2802.503124375579	2287.030782725246	4007.2783538778876	2950.759410818257	3041.2429685955753	1480.9652464256988	778.0937610971047	176.06465131557664	1276.1692164370495
71997.93763161391	96640.29289142614	53826.26617933636	33733.44218671759	48316.61815679201	11770.027965696738	23070.73118498482	13720.538545642223	12354.991598623752	5490.30701800654	17496.586280856947	15925.628633270473	14711.26017611519	10773.95587483208	10725.679518979738	14279.532016460818	41518.576801435775	96335.33257312565	36257.94620591883	11465.074380228662	6462.930383010955	6807.1968689125915	3998.50966355109	4022.6312101741823	3530.119252240321	5222.481577136509	3359.343493670242	3230.1028651132083	2875.8060863248834	1717.197642701205	2804.8545980054655	2798.8027552172402	2669.8353842322585	3580.3084587296153	3833.0027870397153	1844.299546222363	2485.2525552313596	1573.6386689553322	1584.3241468612619	1955.6160619599564	1710.188270246857	1950.6321294577444	2212.9538154883667	1980.0825528994421	1856.818983947542	1914.7170863134218	1536.8355649635857	269.84752764716575	387943.45951731	82256.8144184069	23331.187650228316	90660.56421924819	30043.66193208812	47747.80275368102	11250.960799206836	-2015.5839040822211	-10771.668252900548	7116.016262581346	6887.798210739067	10563.04670541302	16234.856341710021	32597.659346662	21463.797212716014	20393.11538104161	36116.85606950902	5634.2257182633775	36013.33965375967	14386.662908673512	8748.241420405628	3899.0831527311248	5066.112733791063	6167.095732718627	4400.118626482754	20.757140882613637	3284.018315494082	3903.1159100684636	4117.014883073939	7612.327384329562	2670.14384287792	3412.9573869114834	5782.989848272615	3392.8706121458217	2986.955906194656	4388.096288396509	1822.2265774613	1539.4936447770388	1576.832964701588	1809.8629017970281	1347.4670482768195	1501.742732882918	2708.4467596053273	2364.712824772915	1411.890982801815	1156.575572601102	433.87886815156344	2154.2012312127886
-35548.85287824494	31514.885776288444	55798.71238483046	32063.262272404147	33633.98381903197	34031.12136798892	31333.059282386395	18064.41847616655	10409.422712577676	6994.708511932474	13135.401628960633	13910.692406689846	17981.1841450856	11597.314987920588	11766.675795767234	9696.239052762989	13488.564692208656	36257.94620591883	75651.91115991968	27913.24908809958	8054.024579553351	5745.389068048331	2403.0318534507433	4185.088028378988	4256.581653739654	5784.807170921803	4032.3443960717	2604.1907538246637	2122.3314065357645	2813.9062121339934	2933.0938519680003	2940.405070572979	2546.1071853789426	2497.9421221485472	2334.665751361559	1783.7863548991245	2116.9617481628015	1766.0877332367068	830.7621078254788	1022.5700307877169	1701.0640169178582	1759.2705948949706	2187.525179161768	1074.333868749905	872.9102076571645	1467.489739659505	1377.5983907361572	774.2660502602878	182042.55295561327	40583.32703075255	46574.250423200305	73290.8259439853	53853.24732719571	38982.248534846665	-7312.673184707241	-8125.942057977367	20709.229800493125	34913.668860372585	20525.396170320702	27344.630621134304	18702.220010057103	28500.862572107246	23039.0038617918	15396.074594716523	15449.916492895005	34830.404640428	9782.117786580304	31943.386861898754	14380.40173310312	7036.797997776847	9038.488474737222	3618.539177164761	2621.876605422479	1726.5121004905234	5201.201381920864	3647.369232987206	4968.761675193972	4786.288264244842	3749.2184385557516	3063.4717378432974	2791.1185705214557	1506.617799424464	3533.677463220282	4974.808266305782	2928.4983688609677	1067.5380590567952	-343.48484723934183	50.866447256035244	1148.8444428720945	1707.8543812980377	481.2233354072347	613.9076075963875	925.9305197757009	917.6636288535351	391.77902186965906	1390.78721943846
32464.950001254776	44507.416885839	39048.34624762896	25225.94475776764	31543.239532538213	25219.601294329324	12331.097064792828	17010.50906034844	15062.361114564585	20015.15224502509	13786.281447883885	14470.032952095518	16386.4710970847	13262.564557641517	11709.072923709813	11116.930495632914	12448.57337990331	11465.074380228662	27913.24908809958	62469.5723690824	24788.68511679166	7816.785924709766	2348.922984354962	3674.6939780729076	4098.995681299044	5185.086084137032	3712.3722770350846	4228.107943364625	3662.928535709176	3461.3180098333773	3089.0303979537584	3166.6029713156786	3203.7553848056996	2441.3556942567407	2553.6665291728386	2623.272736253705	2640.2600895484397	2601.2510204367263	1681.4778466505916	2792.817508703187	1517.1678791819982	1564.228712628234	2090.16072994111	1832.5557655939913	1710.2125424687808	1605.9739969586774	1553.0261950324607	1167.5246232482011	163595.74102897703	-7235.874313668261	-21180.762290238632	2756.969579244933	16523.62701235221	33746.6327897758	10545.605406535358	-16343.664080128685	11118.391231214839	27199.82386043171	14678.142898150281	14381.611488205383	12069.87371713794	18178.015839880904	12045.74338613005	9824.646717705222	16036.814487198768	19409.000661111873	27686.632719227608	4351.039591109881	26131.976561476247	8589.84510225139	7367.417901302782	3570.015771265875	1030.2260828112637	975.9950836308651	3771.956257254803	2751.932715016929	4634.951021907537	4868.6388826631855	3002.581355509303	2129.2793344442725	1414.2003266699344	1036.2510929943182	1946.2516390358771	3035.2462654642272	2206.472459560392	1703.1859336617854	2720.419531177057	917.720813100678	2020.8771061365533	2044.9455300528866	-8.992937956035602	482.37646471160053	1682.689808957278	1385.6134045242936	1496.3657881587394	1834.1542289743222
16552.21266457235	29061.225760182628	21984.065517050974	36220.95797405254	38474.90454220823	34563.44515438942	23081.86417615953	24530.140899322458	16225.793988947713	14216.382105801751	15063.934996949121	13762.748901849021	18261.50974664957	8636.79737226925	9770.628200627525	8889.941057237433	8973.581781611145	6462.930383010955	8054.024579553351	24788.68511679166	54434.43888531391	20885.042921579683	5212.824477553379	5184.18913015092	3662.1737839650077	3897.6909391959825	4939.419054774087	3645.2812225100247	2586.675512840105	2773.6961568368038	3790.808014197143	2902.8886851676048	2436.6915646921384	2159.9014662055483	2195.8935550620035	1833.285096634843	1617.8042171620682	2052.8189434218757	1396.3393092711874	1938.7607601608765	1702.745204984143	1283.4566832559813	1987.671274284297	1521.9691864067906	1391.8838656198452	1378.6803431467424	844.4272967707608	1001.3811449434363	23054.59332330134	-40807.490163742434	4701.682920208832	-26520.864103020787	-4465.321746779777	35993.72052653865	20161.138120731615	660.9104017368766	24003.04386207325	22814.692474707856	-5828.663006411365	4214.101781107604	4490.659917251946	11454.16029811872	11781.183865889394	10019.57020379621	12262.658223259488	11229.662334153485	9176.281884338901	18543.278156474687	4491.76930661916	21537.79245211836	6915.204298161662	3056.110963841907	3937.260608464999	3955.0142977115465	2765.1173944265233	2293.462117716316	4267.401331389839	6389.69437845233	5387.969761666989	4355.504969200834	3493.1729544784503	2201.384323587109	421.8858065716847	495.0684555544796	1033.6185612497395	916.1961783491738	2259.979310758144	727.537371278686	1688.9056556995058	1892.7164690716634	-279.2014904383932	-287.2535122116104	17.308194981700993	319.6902275873668	572.2114099539707	993.7214296897212
-6805.4893696400895	9747.78909997862	-6166.991350263406	18398.68692501845	12232.21993144985	-444.94082999699793	4503.096848987773	13095.068704423107	9551.833944098367	8058.299363535997	12558.82561356703	10437.368520350396	13364.229365255838	9713.248134341035	8640.876628714936	8003.793591887037	8565.143939127282	6807.1968689125915	5745.389068048331	7816.785924709766	20885.042921579683	46946.166386420635	16048.973460454261	4301.87418813879	3564.0538889824425	3214.461443845507	3100.0696780723733	2440.2759153651427	1922.86811789428	1480.2956006055026	2853.801176108047	3178.3033347968253	1757.8223357528768	1773.70839599561	2076.6473912657043	2132.80707168694	1378.3809041263241	1619.7170124472382	1840.8494839017503	1742.14567522666	1226.3294600172303	907.9410324255041	1422.5822231471527	942.8087841923298	1016.7039884424969	1342.336867113312	1188.2340757618324	1429.4475936221436	-38266.423981553235	-34409.9447255992	-15084.750336237108	-27246.931056699275	-13016.228793103277	-13128.62285149401	-22420.07553827477	-7496.9768755552495	13823.10473822593	23282.4461639268	7496.664642437397	13614.318773887155	14567.097362461853	15287.007767369638	15594.258624763852	8584.149544825987	5437.14729130639	7210.340189205751	2929.525048472472	6566.889114649954	21385.700735702674	2784.316489144752	17163.09778983678	7095.874915921175	2385.7229740662424	1773.5101403590395	3190.0333471942004	4534.992808977082	3637.0779529878437	4675.027454597959	3941.1348898180336	2721.73428461954	3289.1659816361307	2267.2892438591507	1736.4919277098074	2338.996356794761	1311.930786048513	748.2077321429311	1677.7600040793075	1396.8423299336384	996.6809128661479	865.8612092267936	953.5329566982783	1054.1464839465416	601.0598912214332	923.2435386095448	149.2194786909964	668.2234345546418
