9.322671924812563e7	2.1558884497374494e7	1.1153410384051192e6	273276.481282858	439083.4510371879	-220528.98582224894	819104.6656325972	45117.71734486869	-43741.08477483756	345472.99713397824	362547.1315151432	-149462.13742912438	11856.440896369457	83563.35889299007	139397.74500892387	63645.28742849005	477.98210495712505	-64969.98931411386	107494.97406901869	17456.000126349645	19337.085222252812	838.6193812735338	-41242.314560525476	85499.90519200172	19214.05711156001	52356.905128713624	28653.89680154736	-9221.201465740556	10407.417525687759	-9311.467238553507	-1449.9850600744903	-40183.37114452475	20337.689370242584	-11785.961283180683	8754.369117307213	1482.9631811966938	-11735.486458905347	-32748.02541588406	-46128.234836307645	-5448.452654364624	-2303.491773079951	-14475.419882831864	3931.3529239039326	-21205.65286001223	-21937.741918673808	-21340.00911397161	-5046.167840905071	-4764.541412581794	3.0774168204029694e7	2.1182060253113907e7	4.413102869037709e6	136544.11167847144	-679903.7325466838	-204591.32973062326	226391.96011746238	-709710.1148181998	170713.45348965813	284630.4506087389	-214659.75798773748	-103254.07618077876	-192147.53105923903	109332.98397694946	551093.0504225582	642575.2292163795	-28307.01020593426	-118370.66901816611	-147987.3529134767	45841.23628092254	159048.69050158645	-73527.14482560745	49709.18167089113	170859.5220419064	103458.64498952852	145919.3771880335	55814.53712952236	28772.235850822795	-24995.116245560013	-85027.14191692589	-64004.1264444822	66165.99379065425	-14515.10661314288	-10609.053690190714	7588.448180130274	34706.07660214429	-22293.36085521636	31349.980106645082	-26467.81134295038	-43630.743591848586	-27532.167632236826	-28280.35242651618	-21829.649526328954	-1078.3542290983562	-41098.406343640905	-31581.30402228207	5337.065187160302	-391.10161336219375
2.1558884497374494e7	4.930928926545311e7	1.0967689655464787e7	1.6943113174605041e6	-49595.87170798664	-172021.17072008876	677096.145605299	321117.28420212585	98351.98381910825	304335.376937239	210848.02939349596	187494.97242240515	149057.0499416977	156535.7349378618	142019.35894881864	72474.1538095527	77631.44604976411	85473.7701996206	80912.51009401614	31184.80786684305	15901.920158435089	-50741.28951952353	-28316.98914901673	8043.517387583217	21395.453338097646	36466.27314541848	51437.92390106953	1428.0102814173413	32528.132125873235	-14584.863726289159	-3097.1676161995765	12180.981237400092	26551.09350533167	-7509.684349239178	-20655.17472677525	31650.690835117453	10789.98052830409	14434.414347629481	17204.594436293926	3700.285065079944	15300.677996006356	-5934.635095966965	16331.68617964837	8497.322860294356	-875.1913880583714	-8791.316004248814	2483.4965252050115	4100.1473323079435	8.208578447451922e6	1.5015342903936584e7	1.1478278726689257e7	1.7463647247024742e6	-718465.988182075	130362.33048610146	506252.22149022506	-170528.72482805667	36851.745420179395	332398.764935014	-193706.7747568746	257893.03818209446	360537.9793018177	203053.10926229434	119164.31971453076	79408.85417464664	-21894.33503183656	-182481.76085154465	-197148.37002743388	-68676.7810217748	-80562.36368541337	9584.02625414759	15125.521195115936	139427.12320393324	-17685.0890992173	-66361.45625736506	-55784.13776668173	-20610.024917620995	-81426.36515926376	-57920.98088874533	-32075.257205041355	6458.046063544838	-36310.73634951122	-22668.23294649947	-37863.62991979878	-45444.0694722027	-44552.71906546852	-13265.782608935087	-21587.008262993553	11720.487862825192	-22848.99577506942	-5133.039502186716	-20039.79407407643	-2695.760311456297	-4288.35070170255	-30155.629113658302	-5964.968959629759	-21583.510667847717
1.1153410384051192e6	1.0967689655464787e7	2.7694988309123315e7	7.1681723862595735e6	1.1904924914176262e6	293091.3353141133	327427.6037308362	141519.67892446282	153430.21511424417	383704.89230594254	139365.10031594656	187944.4180101764	-51270.51221894132	68908.70835193034	138709.45852301735	132943.15966124958	87319.22629552225	19998.986390723774	31619.492515254227	85745.55555408572	-1810.153775203484	19336.390643267026	74161.21197532056	19.281153488656877	-5802.004364170619	6160.488973784031	16945.515360524983	4939.690378739894	38602.12283211092	34431.437048555475	24154.911529589568	13749.22385917387	17942.941560921834	7889.078855912938	-1345.9201083802889	13968.34710185278	5922.343700766613	10323.585643526481	14407.578225474805	4948.363729657761	10330.05487697243	8612.019250135741	8449.429454015695	13287.834840137399	-1643.2632487433575	-369.9416904488235	7359.923740497019	9314.677955113428	141941.28993193957	6.127184119438638e6	1.2809683860113496e7	7.518452789454086e6	1.5386807104233294e6	211480.28738484575	134467.46490375983	514638.12536100793	256040.71332831116	-219055.67116940077	2335.5410247139293	176226.92568020165	-157848.45726653124	56271.16620418078	101192.90925663043	-23280.838555568767	-158798.00997195172	29401.07168219058	46435.650664715155	3291.778332175514	-4445.789480225056	20578.92518300934	-10229.455893160148	53803.82561808767	2656.4913372990995	-36424.61162990375	9198.259798754858	-37215.2704337738	19158.45127637695	-17732.79633616552	-30551.51348417681	-2708.6698724777248	22695.86367111644	-58476.164867485066	9035.650595059076	13273.427809306526	-7185.599742883327	-10781.04858921356	13064.822057328343	16309.14116717228	-22115.38499805002	-15189.067768887731	-28837.972893877435	-15952.838145566928	6780.598238975324	10985.759759023304	-12514.132424734295	-28099.237958691785
273276.481282858	1.6943113174605041e6	7.1681723862595735e6	1.6096643029827695e7	4.0365076516087535e6	590434.5912712087	385340.2506771001	236829.196799368	207204.56969534792	170085.52166400614	110081.18734490224	4758.460675991645	100915.55623325713	65498.52088092178	116783.48834562839	71453.17894026761	60260.577463256035	32257.25829133779	55293.89326979321	29064.2821313798	42160.39265057771	48129.53562432731	83785.85854833029	32973.831953878806	9685.303390107803	5451.676816244046	29414.02900011909	26323.58255681935	34257.92982669997	27462.089223025352	24974.271373147345	16666.640430573687	13125.49937845591	18103.05248781809	17263.196371070375	18956.861535957483	14232.292438906117	2171.859268547546	8893.844204117338	11399.656098810729	20455.045056751034	26827.087052809526	16194.252535920026	14182.347696591276	5273.722895398584	10443.814807033204	8174.5714581034945	896.1990553592229	3.7498532474689647e6	2.749868649524558e6	5.846122944066476e6	8.552316061291505e6	3.7369933220040547e6	163957.3160005037	268711.53180193587	640046.2318973576	481664.4153090194	186098.55508814828	51785.31220015589	-55214.096391154904	283449.33640129026	202401.91635528498	73487.26922832502	-7089.55947749416	136865.03273606193	67537.59268553868	10248.782447261061	50551.36759991456	45092.68993126227	16075.735913912215	9272.242420265346	48466.82772045263	46746.99518540947	18781.376222237894	-8421.33159220076	17589.39094833208	41444.751690852056	18814.875349393737	-8344.783467476947	14481.915007549633	37314.207890841564	-17370.410991057804	-1364.0553111374832	5466.109962632982	12068.869026424853	18398.79475248537	29416.58776586093	27951.85074279971	15972.117822572434	9047.064818566161	-2968.5972034051542	-2676.3362823081125	2435.4075095104818	6877.0646011577555	6591.902906519346	1823.5988496514956
439083.4510371879	-49595.87170798664	1.1904924914176262e6	4.0365076516087535e6	8.523912449682454e6	2.1426618056192007e6	452429.93457926175	283307.8652488395	50091.76289142657	135370.35590559387	74978.91173455064	50402.96438049583	55204.99616725685	4358.7605089765675	80150.64280379837	27057.150593246282	53146.245357840555	36654.76120389593	43019.88143594287	46776.44567751589	58420.01216963865	52323.11766548611	49643.91332346111	11348.751251831965	14795.13769785054	24401.892562286303	26713.593222307147	25092.179919485883	9396.670544150018	5941.997330758429	22276.583246794053	14220.256923332898	19096.780706155372	10721.375065156368	9964.114433378087	11139.371459117023	3407.4991220383295	3628.891352833419	4149.39749340497	3334.7134919394316	6323.515760900086	11933.397506747686	4319.238840193	3927.789879182964	1557.0600059843912	4188.911517281359	2297.6671142220293	1381.7308461162972	1.4451975369521652e6	274242.7756947012	-60810.26157122088	3.875903519987592e6	4.702094416358666e6	2.0544634049495307e6	408546.40168035595	201912.95451441163	114522.039619626	-128182.74645136145	181294.78646101	98904.39512573263	-40109.04345377378	-78095.39523345143	-33584.418752198115	-29123.54406564482	63066.524094101085	-2349.9577506717037	24533.44227561685	91224.8139555753	64451.651826514404	21810.049900769456	11437.343729237933	37315.499750061004	17921.902604176856	31242.20126410602	4503.75887948826	3175.1872384281764	29920.83084974962	22153.9799043723	-3671.248016518087	9566.574213666345	1176.899309843697	67.61574596969109	-17961.244528089857	-6054.734197209321	8711.276488559506	13113.153459260491	14869.49578137213	4322.117000195408	-8034.73507734183	-10370.853483417806	3214.418474938946	17185.058282651476	11678.191945984994	10162.567452051813	6071.6196349902375	2920.9574701819743
-220528.98582224894	-172021.17072008876	293091.3353141133	590434.5912712087	2.1426618056192007e6	4.845698389819216e6	1.3235102733334037e6	396771.57754233514	188984.95482285428	166470.37963446893	106541.48521329802	134303.90780273915	44611.92758126419	57469.003220652645	43357.16771736256	55592.96285483518	43179.72754415757	9822.875566883367	26073.472790182605	59041.9579733392	40061.42463656812	21907.81844900693	8007.3213857073215	10357.875629999697	19064.805069346927	27157.143370252194	18318.512825906688	18956.3057573059	19052.004887253035	19385.93215890912	24153.57774538294	17193.312698189253	12642.764945797197	18022.323396527307	10733.871170804445	15755.111291133953	16462.487046797694	11295.703767949304	11262.552234642151	4648.391069888859	5610.191852996568	12522.258524272382	10110.177096141082	5039.152992871616	4585.892628308981	4525.682327149832	1448.6355950085297	4204.96623047452	928536.4481538746	357833.8672441193	-461323.0253118704	217514.48686966972	1.9431878926400302e6	2.564485230285714e6	1.126559353120652e6	207917.74980242402	315688.7335025369	334221.54733947915	147893.71271792657	97917.44497662912	-71402.70248555251	19128.89581210883	44735.20108654045	-13191.114134665508	80528.95087417368	23512.69732712698	79961.53634936146	87112.88743173228	53468.145009703534	8295.634596385386	63315.035094288214	42426.12685466726	12745.947987790765	26174.26674560139	37135.730160401516	-7469.820379042695	1246.412109082069	-1710.0458429599703	-4333.994872365673	465.3490699823742	6868.859157711737	-5693.514991832592	8118.1593243313555	-2417.588007586748	1299.2906396776416	-7289.177160446407	2464.210653903667	16157.556361135152	8931.444182792542	20585.86560101572	13777.870260097085	9139.214301138325	12738.661413947173	17491.153006255325	-497.78752213338777	-4241.283115020664
819104.6656325972	677096.145605299	327427.6037308362	385340.2506771001	452429.93457926175	1.3235102733334037e6	3.318246668629826e6	855716.6899657424	151096.06479920103	92610.28858171815	82507.49114575553	88824.7142229053	88426.05993589618	23436.028953799712	37740.347900027984	42627.087042637744	34387.97998845486	36085.82107804008	42282.20718885014	54849.603812434216	40674.40050223088	22325.041581477828	22561.18200602732	21726.25721537998	12309.673031551505	23346.994090704367	13440.131904824999	20401.95714075429	8325.860343081149	11087.201358560656	15140.467281241901	16104.67167935779	9070.204693167592	15241.357477397394	10409.940257286755	8131.782809683849	15063.067535112847	13478.574415900213	10859.653294134694	3006.9212214063446	8116.598596977381	5168.813820709894	5536.983522406071	4187.237622171434	6775.173233216664	7116.090069823009	7156.739887167672	4823.413693324059	-618632.1184382498	-414116.9198429234	348715.8135760135	690238.3791891342	153496.0962772708	1.1334580089929726e6	1.5736063959013424e6	710766.037209071	318237.96473875566	214290.03454697668	106464.59457559427	35771.9364830841	84855.19725998887	77501.43462447062	9032.573047090837	-17327.70858261991	53941.7665206181	64371.62620127681	88341.68499799974	23034.138904794483	-2378.4522073356243	7983.079344340646	52171.66770232161	24512.749028127193	-11641.943873887432	9871.043442622828	12341.552969242823	5816.0111081179675	6036.567631558274	-15089.658657797592	-7445.909358406055	-4551.778143526564	-4813.090354518439	783.3283133930933	696.5426136648163	-12033.508226654352	-5089.443403331809	2642.416140585563	9498.209286130173	4784.639469273645	-1855.9396186484141	12311.143608698094	6030.561693681299	3591.702356478512	18969.28705435204	12283.989451290345	5847.345122185095	1080.624233953756
45117.71734486869	321117.28420212585	141519.67892446282	236829.196799368	283307.8652488395	396771.57754233514	855716.6899657424	2.10405654485758e6	579943.3204436315	126965.45811865955	71194.97733753135	43305.681424633694	36421.342050616695	1142.6865504468476	21062.244585977092	33976.56393324983	52159.482927979465	37719.81229270115	25243.81328708695	28663.40178814219	25088.591226838234	23306.0423033756	11160.942922734183	1698.9115935763077	17241.29464692041	16706.226568511072	14082.5191530443	21856.539567882093	12184.142024291883	12575.861712181924	13240.751281063696	10123.90052983809	6071.5867169047	8102.72233325968	4590.224150998892	5622.503666328805	9253.224762723676	4715.2952239453025	4547.265330170701	4971.022631984302	3397.7248449696235	5609.662082068724	4609.726454254212	3302.7505495301216	5414.493650510859	4102.895541775578	2085.295474748921	2939.170615241061	-197067.3965591191	-299338.1023724969	424976.1633071216	680441.3015766823	397801.6391021343	289306.85618336184	680749.5879084942	876454.2395518061	565216.1253259312	93751.63301529293	94210.40274787701	79341.6533075095	6235.717517243773	-5781.985714383405	-77809.4928143159	9526.429159332314	53439.85047992727	43681.707806307175	75531.61120507221	36187.93594107235	25882.02384832943	42727.420738694906	56299.916356416215	40306.86275924128	5185.331836997539	10219.629522420895	13825.885765839917	18952.086570747837	19555.18533738563	19928.876320446958	27262.884151014387	28106.358726296785	12638.606093422719	12553.9543080003	19876.067627499873	12029.959869248478	8037.835120708988	3299.0668501523	8143.993225873867	6972.627304418819	2934.058094196854	6729.432548326987	14101.139900855651	4329.624178125702	7392.514293654326	12487.928359135509	4962.770042146755	3018.101978073716
-43741.08477483756	98351.98381910825	153430.21511424417	207204.56969534792	50091.76289142657	188984.95482285428	151096.06479920103	579943.3204436315	1.4552854046933677e6	429190.88418240676	81398.42106890897	28401.442791981255	45676.743562602016	25399.215767410227	32648.23565976403	31305.55693705248	38011.907326251014	39508.109092569684	23498.273183503105	17029.5090102656	25400.10439317632	19999.751176807942	10600.695348285028	4396.345160925284	12664.83910743997	9764.265260556616	15868.812508064897	16550.82744797027	13571.880570193232	12643.786616508603	14543.690239318872	11142.37784140329	3753.9069997900833	8251.005680465123	7656.974730131927	8981.827789320596	10948.4217154396	7649.3811916161485	4493.593539554844	2373.8731900799858	3176.336403120872	8461.357232824046	4036.878989045517	4455.319444699455	2491.016225927038	3682.6982498234743	2728.7618831392892	2475.149100719022	216995.7178238019	490589.71026028023	263538.5797694049	-114566.43248003573	-140223.4803453097	-29163.356479992115	-5402.005572719249	276065.7785416922	743799.1788685446	440186.68789615564	151726.63883858404	65820.1211769004	22891.28774461947	5185.075648121579	19135.93991083166	37475.97669816059	39816.41462812669	16341.411537282938	10714.46142740662	9573.12791240657	44295.07749617486	39626.10718030103	47370.59771312244	43509.910550381464	27831.566474480594	34090.734776987825	18089.247406851595	22053.55608828136	23895.608473314147	25425.997930113048	22808.021711328252	26592.938814731697	13851.789055693178	11102.147776051857	14114.290380488203	7266.640095025596	7751.4126837134445	11898.815096925042	5195.825705657053	1311.7750764121297	3744.541442059505	4594.810209581047	7743.614068259952	1343.9884700696593	3792.6148432613422	5085.296361679055	3488.676516909852	2260.461372321255
345472.99713397824	304335.376937239	383704.89230594254	170085.52166400614	135370.35590559387	166470.37963446893	92610.28858171815	126965.45811865955	429190.88418240676	1.1445735379142375e6	340000.7905342091	51471.00861765607	30510.493757170334	32904.78081817045	33421.11021131817	27052.480639192814	28886.275881759015	26862.851594172735	9073.67091165709	13025.066464543192	15460.681116887894	11743.759806967888	11019.334222170613	9910.80227713192	10644.505495141564	12882.882334933698	16211.633705571872	14408.021099357975	10509.241071979395	9777.089822931097	12524.741663911233	11110.525942916174	4597.214814335769	7186.863558350456	5450.752710881211	8051.277365216729	4573.015632688953	6074.084918991577	6013.67435465011	2975.9593788928823	3465.9388412849844	4347.454136944417	4963.623062277677	4910.610687012914	4080.2291268491167	3459.3057930116865	3867.0079212972696	4477.971878076167	46159.63675622487	680644.3406102664	304231.40217910527	-82929.6625482416	-18168.050600682847	72040.0193097076	56345.02684375158	36715.528633778136	308829.28227647464	566901.9461211418	316737.79202984704	70267.4842681468	26252.628052921486	76643.54287459649	46288.82684008805	6912.275715365679	6495.98256411534	12415.136826257762	9692.0098176805	1390.9175144080277	17219.949412347934	22191.53626086101	18061.894877784216	29726.69764785652	13529.941964984955	14698.47683437367	23777.828628143423	18179.010503546077	13858.15062479343	7817.118355461159	18331.565533942132	24590.89269872349	10360.639139565881	8914.381878030352	4359.217463170178	-3515.9518419507654	6272.460752343616	96.42456500257309	8137.729470386683	6245.200148688634	4401.6894801327435	2213.665783644463	1868.2078118114985	1560.631531472028	2535.51565807494	1717.228667950428	1187.105694605866	3045.0213791467927
362547.1315151432	210848.02939349596	139365.10031594656	110081.18734490224	74978.91173455064	106541.48521329802	82507.49114575553	71194.97733753135	81398.42106890897	340000.7905342091	815662.7459642629	226847.0887038129	43380.31367802211	35590.71603784926	36174.026870097936	20985.380632711793	30368.667380322207	24417.747658885823	22459.571368487515	19550.227958190026	19562.206437770095	14975.087862148717	15160.805474711031	13132.031876822419	9856.989979590931	12901.566148116923	9250.583766931933	8889.733134340293	7286.305989352302	6813.035144011941	7470.178228223874	7018.526852949605	8378.388072802814	3643.2416721559907	6243.833210814881	8353.871039576543	4212.264837936209	5227.126992507147	4966.967472894782	5649.941973474907	5029.384450418823	8107.257361822133	5147.093377691166	5620.485096497205	3666.542012173869	2588.062075831727	3327.824520207503	1889.1485597406313	-17794.02174685481	121141.31031353404	83336.22181198913	107367.93155205669	40847.23790464093	41434.36273849634	32605.16610752701	72580.10041320378	36204.05154514083	217982.68057990898	359205.12135204644	200194.82844060956	23457.98985171457	53191.04333975374	40240.35916825597	40257.708704664496	26458.69517208259	6419.932620517979	11818.638958129683	-1239.6079093473704	13443.227026788885	20939.387497744894	27024.35860153304	8137.827213870995	2581.8110603751193	688.3534514623975	14269.874742749242	11549.518663499324	10555.206548100345	5255.026606954333	4594.353602685768	15940.181096595727	-543.0819235934082	726.775896597917	2294.0234301149576	5703.557275646864	6073.59675860166	278.8503061192595	5253.036658074252	4332.019756578998	3485.413708825292	-3068.4014391628693	2211.4432606550677	1121.9724304229965	72.38245624892484	2437.1780516867325	2485.9920964318035	3112.0594373013037
-149462.13742912438	187494.97242240515	187944.4180101764	4758.460675991645	50402.96438049583	134303.90780273915	88824.7142229053	43305.681424633694	28401.442791981255	51471.00861765607	226847.0887038129	588485.0474988515	155388.96965439842	32184.246812119807	26519.346906341132	21569.35784626466	10531.216483067845	25430.21611243919	17665.018094779993	10891.616880665195	12047.822721155371	12656.371849262057	11456.949095095804	10883.383327936084	15187.415110441745	11188.804830678284	5230.132051137394	8853.589322157573	7915.260123913728	5183.4711776449085	7684.544259982001	6332.623525177128	4192.361219186994	5188.0934798328235	6657.890666957841	6765.442365842408	4492.948336244982	5476.40911368869	5069.784183523148	5000.022866748608	2918.3253084403736	4492.8408963157335	2895.7342689926522	4731.739711757811	3255.179737081899	3086.1305782409277	1519.1084912049685	964.0409770052232	-334135.6460958583	-189745.77698966255	-139036.40735119485	-48913.94499411969	79116.72553461639	26741.006768128434	13469.350366794166	41018.01834226163	43462.5412424123	61483.11028125705	139495.05733154435	292679.67330348026	111209.87864528732	39767.80292260644	47686.96183600707	23076.618389301093	-28128.943521494315	1184.0886853852032	25549.225176952714	12905.342025841224	13681.593212927373	11685.618947180215	16037.278948841853	17598.857493167885	10443.623359564857	9203.739313042428	11864.998348971309	10268.862579597471	3202.1584603218403	4774.577296032493	2293.1420066882856	-4895.916740680431	2395.436230891435	6492.030176573172	7222.412813946467	10292.111739582191	8806.754574453686	1956.7907619831617	-1704.914680179863	1427.4345176057877	-804.7012122898786	1217.5813611824008	2735.1592255595033	1348.4615260138255	-21.696061764527663	-1598.5690416377304	784.279387957319	2542.549332222886
11856.440896369457	149057.0499416977	-51270.51221894132	100915.55623325713	55204.99616725685	44611.92758126419	88426.05993589618	36421.342050616695	45676.743562602016	30510.493757170334	43380.31367802211	155388.96965439842	462459.80248681165	132015.73857204115	25906.423167933888	27064.62250818416	19619.27608458071	15509.052834538224	16899.068344984174	17488.42817466061	18096.65032269497	19179.789125783307	13085.833625553874	7323.830391054375	9139.329491968048	7273.049385132967	9080.665481218964	11275.396162200752	9251.054417222127	8010.259783211949	7725.063147182572	6678.809348608735	4830.732557250316	5595.629600609799	5323.508600948511	5756.75341769897	3730.892044321008	4768.113339709214	4827.926609726121	3059.046190484554	4571.438813990604	3814.4014582251198	2803.1770510803653	2804.4532991064975	2910.6076683876126	3897.6282834478698	1395.9573204644532	1787.4124926836566	-17029.30177027009	-145796.67004789223	-123486.27183716831	-65287.85496854475	10551.150496313456	3258.474873704954	108961.70221070736	55665.24055534781	59626.23194257369	48546.70627953283	28148.246490003232	178272.64055867738	187935.17507161433	117773.24363688509	25675.471766335828	3105.028800201582	28944.812157130225	26762.28677749214	23454.540859845158	24008.394757522634	29040.64227918098	18396.452764929938	18101.478098004496	11080.114101457042	4885.470161389971	5082.826393199766	9255.332714358368	7784.193890068034	8056.1759308952005	6664.593692622755	3845.9052955284624	5830.127755859855	1845.5143275916387	5478.464417367643	9792.541787062635	5854.421324905384	6053.063939373087	4482.065100660292	-938.3462143614574	1006.8521557011742	3367.550972912264	6373.240923408296	5177.459646275796	3584.6231932064684	3223.147112620728	2134.3647734094498	1790.3682251325388	3591.109645079552
83563.35889299007	156535.7349378618	68908.70835193034	65498.52088092178	4358.7605089765675	57469.003220652645	23436.028953799712	1142.6865504468476	25399.215767410227	32904.78081817045	35590.71603784926	32184.246812119807	132015.73857204115	364310.0197732555	108293.1960283986	20931.92651964719	18641.935585489075	15566.160936591186	10917.748499507194	8777.581672529068	4736.605207072258	8857.814137633777	10061.882135272763	8894.852669579346	8228.731211214212	6738.820271109389	7160.460070416727	5940.849692709363	4272.54239370259	4925.673963930876	5457.61491799713	8383.589090926924	4653.108150168308	4891.820997835537	2981.4372759855332	4986.607122336289	2542.0608973004096	2118.3915519138172	4053.341673081035	3175.902188988457	3663.558794393522	3094.2239144577534	4112.931241486681	2501.745639603829	1996.0916418739785	1194.113979533217	1894.3388983156062	1690.675359668878	-207603.92912069958	-138495.61485938978	-162692.02005041638	-37132.25051838503	-19031.996249832737	-89419.30857497087	48440.14256900512	24875.091276128256	7138.21185127959	15957.620676360604	5225.088157228689	73399.14859441358	106475.82561844584	124564.73988116995	100703.16239395026	21146.694676775973	25962.14275251559	3870.9842416756387	26453.30759947079	16731.72893532573	3948.852397744312	2844.8040711154135	18093.233354290383	12256.232976058252	1377.5801055116854	1174.8738049933163	3618.589816582036	11564.261254561972	5336.583655731654	893.2819273145493	1720.2991044628543	-1208.9367406918836	6408.918242608277	1821.047706464484	3459.9523696682695	5067.536717467121	5843.378194827058	3163.302377678195	5018.344978457204	2989.4760438576445	4282.658210165804	6195.938058495728	2275.3570288753417	2268.647629662834	2401.888291301509	2420.57831877843	3296.4099782563876	5692.185859449863
139397.74500892387	142019.35894881864	138709.45852301735	116783.48834562839	80150.64280379837	43357.16771736256	37740.347900027984	21062.244585977092	32648.23565976403	33421.11021131817	36174.026870097936	26519.346906341132	25906.423167933888	108293.1960283986	274697.58339702233	83098.6446304401	28798.15493266632	18337.22367595634	16650.982928311118	8467.382493499914	664.7200388573438	6066.092380355598	5676.487969849675	4074.1024198617483	6774.714467618406	6823.660547962726	6092.196657015468	4509.70338701333	6244.999704826712	1994.365512409777	3263.6837294389884	3574.765532771145	3306.8093666512727	3952.8384865136954	3234.63035544824	4580.805146873895	2924.5255879500273	2859.510848189616	3705.8316696308625	2813.282706422503	3100.426210185879	1884.2974376290524	3084.0802779558285	1582.4637958566902	1320.7396301227864	1253.7742239285963	1867.8445775155408	2170.059179084488	43781.954356872775	2629.7327465325366	1415.7148535911012	-23857.24057914937	-55908.86846072489	7602.07188089722	12097.103307420877	21436.666941339383	52370.54279965489	12913.548457313987	34351.929665979194	49693.42895334382	37845.293621363286	88534.90226852227	111366.24811742127	86886.810025955	24837.737160454504	19300.20475175709	29170.46404746916	10463.861625185344	1694.6962286382457	2711.0834177946167	4786.541504033162	13526.077604178276	4962.782884467905	6313.3809938004615	6469.569273055136	4866.078035790047	2624.0994749783927	3316.95236252843	4385.955477412421	6943.725852376877	4802.496138557378	1220.5123425935828	1333.1783123740508	2912.94621208595	3839.9894835900513	1589.17839428109	3865.993154414692	4942.183111532893	334.6991268080273	236.03252886691774	1098.1721070659873	2020.7998738813178	2522.9826458139246	2560.9889992445114	1203.2910016706091	2224.920440316092
63645.28742849005	72474.1538095527	132943.15966124958	71453.17894026761	27057.150593246282	55592.96285483518	42627.087042637744	33976.56393324983	31305.55693705248	27052.480639192814	20985.380632711793	21569.35784626466	27064.62250818416	20931.92651964719	83098.6446304401	205162.83930532596	67603.21018081934	16462.124297044382	13762.846671193269	7360.465472535528	4819.162107013515	6813.169371264544	10072.837705304722	5423.728693448102	9296.163803155154	4446.084387575578	4815.041204533551	6454.013820175816	7908.665277383333	4571.222198759095	3169.912589720433	4280.8511706043255	4637.738196234198	4204.72138749303	2997.615064675917	3293.0434900609644	2327.401520200342	2143.7546369735096	3544.634486130617	3933.507027318942	4002.8892393081437	1969.5560914078255	2748.8333640994224	2918.3180562510925	2733.2224517290965	1589.1785612934866	2030.1424138327895	2041.1489963475537	-146525.08314353647	-151687.01995169933	29220.38084427117	-6594.645373268687	-69061.77724481009	-33842.63609215971	-21205.598095655598	26259.879941766954	37242.40495808426	29224.754507488193	15829.548661412631	28093.469482345918	5426.563091765802	28466.599431340543	64080.32404894432	93120.4461344713	47035.05421929431	11464.242023095432	11241.582957488072	2174.6770279794664	-3101.515101986633	6524.28390940961	3283.173377193553	7792.237138462445	3759.1019994456365	3633.10462390321	4589.402802841472	590.34157430105	3174.7101264863127	6213.05524684848	4359.671553894369	2484.8543253518	4026.0964333561737	2950.985574671008	2790.239354722609	3359.9047277021677	3327.11241172898	2954.4170818828075	2721.1781423495872	1614.8050596093376	878.6657933385073	490.18727608903345	2016.2386095391155	864.8317389685626	611.0806003161379	1626.361410097284	1248.0073762072748	357.78036683089556
477.98210495712505	77631.44604976411	87319.22629552225	60260.577463256035	53146.245357840555	43179.72754415757	34387.97998845486	52159.482927979465	38011.907326251014	28886.275881759015	30368.667380322207	10531.216483067845	19619.27608458071	18641.935585489075	28798.15493266632	67603.21018081934	161728.908985367	49288.59091466752	14934.815787423262	13162.335964702539	10441.97439959775	7282.625674481708	7192.304155061149	6385.4992278715645	9074.257592933234	7135.308182935397	5686.445614757319	6320.650955868152	6207.618859228053	4325.274404067893	5569.173876743224	4363.137172249976	3146.9751344727033	4778.654183643371	2398.169727377335	2766.1495591385624	2931.442551703894	2951.2279424958815	3640.298784287977	3223.2014316988275	3835.783218193738	2150.2236936418	1842.4974889453317	2218.603848630428	2747.747818518715	2319.1315889086923	2240.4913939425483	2013.2267880282184	-50658.04709221085	-1468.318767015535	123995.23807430298	41626.00020375128	-24329.01466547501	29297.852265734473	42966.1983641103	33653.90782031636	17914.337734693792	-119.15557205565887	8154.385932197885	35304.70456110119	16011.362601736124	32646.691906786255	18169.15981851869	59541.47523152214	63366.72571932445	41372.05555360548	11873.155962371555	10087.702843567744	4102.731471694506	8410.25142250663	14153.118821549082	16432.916676040782	7274.143837670208	6123.929513627048	3256.143083587452	5194.545203255715	4642.149141906403	5180.863388835039	5985.793094455107	5916.405249685127	3667.6015838154867	3238.924904937088	1904.8526001312914	1484.6341857659404	2453.9090332343203	3094.081047154465	3257.7501722103775	2553.5708464490804	865.994913165325	2045.6315447475554	4188.955244262934	2119.4009345564805	1410.2782832106627	1944.5952308385693	2758.100356160305	1587.7297545670865
-64969.98931411386	85473.7701996206	19998.986390723774	32257.25829133779	36654.76120389593	9822.875566883367	36085.82107804008	37719.81229270115	39508.109092569684	26862.851594172735	24417.747658885823	25430.21611243919	15509.052834538224	15566.160936591186	18337.22367595634	16462.124297044382	49288.59091466752	126494.36878497644	42323.11987828746	15144.032271013475	10853.964001935967	9026.489658346236	6434.226114753017	7886.103900000381	7354.728942841266	5304.217231676697	6116.004692507579	5526.384191156973	4720.467941213039	4722.039057458569	6052.365768774362	5888.970408334088	3555.244402908605	5019.064973312213	3430.3532396957626	3375.9796661608875	3430.4014159509843	4198.686107005874	4457.735564660171	2895.442114153334	3599.4378181163024	3111.040598876836	2328.8498731294126	2510.6904179198555	2242.4509314707952	2189.0695571334427	1230.4736257778613	1581.4191362474016	48817.75843708908	116401.037785486	122193.38001796558	-4107.854785864458	-18688.4398770651	19597.611430354045	34990.89238264714	-2110.707296264317	-16002.914256780577	6301.577570144804	-885.6024609195789	36094.58753061033	22908.321960117497	30927.856286379996	28155.62905091388	17678.112520012663	32466.089466645728	56278.06831055111	38008.41276044292	13048.2647033008	1186.806764029209	8744.975205933513	9160.206070326829	5745.050600564007	4718.922007185623	6396.887565319009	6135.3204890476445	6314.593385980473	4172.429523984931	6349.212171509552	7155.035816790535	3328.75589785881	2322.385080782282	2895.600279421864	3066.438081578985	2353.894725748853	832.6606904039518	1010.9138177527559	1636.2271271241736	2404.982689665516	1271.1942231492847	2494.4904750963406	3225.922098315371	470.32772963707015	1803.96122032292	736.4802848438662	2070.896762743978	1605.5758917675398
107494.97406901869	80912.51009401614	31619.492515254227	55293.89326979321	43019.88143594287	26073.472790182605	42282.20718885014	25243.81328708695	23498.273183503105	9073.67091165709	22459.571368487515	17665.018094779993	16899.068344984174	10917.748499507194	16650.982928311118	13762.846671193269	14934.815787423262	42323.11987828746	101995.56510188068	32994.1686553755	11808.310234341614	9368.457167315157	3149.507883022886	7355.6203731165415	5264.212542087124	4567.277761873332	2994.842744189532	3836.501757841836	4389.203490725284	3191.661299083126	3873.713124266025	4536.686219236856	3236.514534976875	4818.858203439392	4071.9975192931956	1953.1636269858016	2184.285006080979	3166.6067311433267	2340.061178546345	2384.452203613514	2239.8703063670196	2635.109767673776	1814.6631064166866	1683.772206469021	1290.4890240071254	1453.82056460245	1123.3676523392176	1408.5498026189262	-195515.10218763695	-78516.04665040263	11181.309515285266	-2871.3793998274055	-25315.79360227106	-12120.642608221655	10464.077477070834	21928.47572431452	-4482.167850297738	6907.498604270629	10034.461482673512	30328.946726266313	17501.430712540947	19085.87142699347	27099.538662746796	20055.824365392327	6068.816961115459	31731.18709264464	47852.35250049104	23767.93811270136	12252.304531329662	3686.323646353172	3178.9914383730443	3894.6893395455677	3430.639530092613	546.6917933623301	1925.3911135419626	3078.4837221946837	824.7204156804787	4078.373973681954	3184.455044503726	2102.300868643042	-1228.3873516569593	-744.5990962803804	1980.0786420638374	2882.391484344896	3881.906689588541	2854.3060415610403	2871.134864015246	1690.951650187012	1277.9278100781298	2702.8240564007424	3147.4829708788725	638.2236666443507	257.1691060167361	1010.6033851537716	2266.0310266171678	1556.6246809159088
17456.000126349645	31184.80786684305	85745.55555408572	29064.2821313798	46776.44567751589	59041.9579733392	54849.603812434216	28663.40178814219	17029.5090102656	13025.066464543192	19550.227958190026	10891.616880665195	17488.42817466061	8777.581672529068	8467.382493499914	7360.465472535528	13162.335964702539	15144.032271013475	32994.1686553755	80722.60212578386	27973.297970567663	9381.21760704023	5864.4634638939015	6824.270922510461	4332.30009311454	5397.40761966825	3347.555015992571	3186.9065098961064	3649.958187211367	2824.911067542867	3852.5292420231604	3031.6816520377115	2433.5812189274675	2530.4835963028004	3195.922530107423	2333.056483215007	2221.7299491903705	2732.212295868381	1602.8124786501598	1274.0648880602685	1537.5286658364814	2523.0844393569964	2044.9401295240586	1448.3360191989723	1254.270014309242	1523.7066115862228	892.6725120033249	1475.94696421211	216347.34500042896	-142219.39065177547	-34481.237505878016	28055.117401967786	-10702.503519095273	3080.2018354009174	33280.75692417426	46628.86109244471	19416.552263132307	3865.1819231089553	9998.875935944525	30295.242969383024	24485.417706470733	20247.045153855615	6903.83101553053	6149.939299363834	4979.33564598774	9795.450512346095	32018.312231508517	35530.1719712777	22625.07596775529	2242.356011912902	2048.4053988067517	6286.673092356476	6464.341179827753	5282.923433199211	3430.8231018623487	5991.582863303426	4765.864139442578	4878.16939110301	4920.01721573849	4234.646225630779	2304.2721035633313	2391.5859959124623	3623.6663420668933	2943.365988213937	1533.3567315011571	3046.984050472231	2384.3151286297184	1708.586523828319	1506.4918577339015	2621.8367263099176	3373.4958614596053	1913.9964106502568	1606.651808666862	1098.4125554052061	860.1338361887255	247.2851263007323
19337.085222252812	15901.920158435089	-1810.153775203484	42160.39265057771	58420.01216963865	40061.42463656812	40674.40050223088	25088.591226838234	25400.10439317632	15460.681116887894	19562.206437770095	12047.822721155371	18096.65032269497	4736.605207072258	664.7200388573438	4819.162107013515	10441.97439959775	10853.964001935967	11808.310234341614	27973.297970567663	68836.45904043062	24070.538832886166	7507.566864518768	5163.157739508273	3733.0276410028405	4216.237865054041	3945.1173741980383	3138.829170117952	3958.231865268719	3597.0451598065506	3514.659211634499	2579.325918851807	3259.4522390655516	2216.668210633128	1255.2796540812378	2499.58096490433	2459.2416786851722	1670.186225259145	1011.4614708262059	1120.1408794119423	942.4274899199875	1329.9748720054317	1241.154269022694	1514.290047381174	1224.5047396170467	1446.595376344386	1094.8073525829543	822.4200559126177	48899.815002703115	-152174.98999878584	-70446.76716545041	53283.16427678815	44014.58446127661	46488.02979999164	59286.76068094556	19282.017124282498	20241.383776339037	12505.787557492222	8720.561823379601	8972.382927375618	8246.789814850035	16045.620973512127	898.6009760606293	5950.817625018097	9140.62847173741	8078.9728773863135	2598.8485051661914	22152.313878258854	25067.371088346717	14359.22818182191	6589.227626719365	1590.8137052746708	-405.34059433584713	5485.133129544571	4337.22479671996	4351.456798072917	2257.3654248027756	2394.353214839934	4755.403374884077	3614.0029792732134	3002.5780225768644	3071.7766271601786	1988.5631295875053	1367.3480453620161	2905.4393111032805	3865.306745020096	2185.798944870019	548.2363526425925	1662.604181054737	1135.7598873630386	1036.3391446247545	1217.0314463575687	2776.6132065108154	1100.1838602035775	742.2673323375294	890.4155589096687
838.6193812735338	-50741.28951952353	19336.390643267026	48129.53562432731	52323.11766548611	21907.81844900693	22325.041581477828	23306.0423033756	19999.751176807942	11743.759806967888	14975.087862148717	12656.371849262057	19179.789125783307	8857.814137633777	6066.092380355598	6813.169371264544	7282.625674481708	9026.489658346236	9368.457167315157	9381.21760704023	24070.538832886166	62261.84939659223	19066.15537930412	7723.157026422048	3762.307899155011	2165.7550838498432	2842.429508147883	3415.4379714545144	3749.969526350492	3153.0910626254754	2832.6614820111226	2344.2957893673492	2229.6621518953093	2277.364956137225	2767.4845743990836	1923.4249475809659	1924.4558128640078	2127.7363412367963	2026.7925337231352	2093.4786570133138	1517.262992915987	2206.4054246930564	1661.621928211447	1401.7086364253528	1552.0303455189785	1489.9219278145245	1462.5353696391664	1313.2427927836484	12131.128317823353	-80401.7777005301	-90048.2447998055	35938.97500264644	17181.3880760372	53856.44581856689	31196.746782324888	6436.986566270747	6085.7795154923515	9618.583851859696	5021.813704192207	-2542.276803121755	967.377978084354	18784.256996419117	6991.758132524346	-2986.0127197165443	8455.362496384749	7717.60597572381	-1879.3574207810748	6441.897811182797	15874.945319470015	19311.048406228096	14336.785621147199	4131.242122371334	-6.6443830052356345	2253.972651382938	4010.247064050956	5118.053732034985	5231.855037830227	3442.859128387203	2810.2943207003605	2313.1385136146255	303.04679811729346	1691.0434208216298	151.30042801202762	-834.7309592476265	2282.193735848716	2183.6060438755167	2834.8856460314014	1958.5354187026771	1409.139774962364	1832.950184718539	1012.738024363398	1023.876599819191	2718.416424981822	1667.811103269648	550.3361666148262	1339.216343109871
