7.414844477704319954e+08 7.802130281268711388e+07 1.347751234035886824e+07 -9.638296808022575453e+06 -3.933230063323318958e+06 -3.612497228641609196e+06 3.290506043061646167e+06 -2.961511000742661417e+05 -3.083193907137823408e+05 -2.861508074479629868e+05 4.733035546576068737e+04 -4.308039219761318527e+05 2.106863682814044878e+05 3.923345984100319329e+05 2.926661250684883562e+05 2.284435624484977598e+04 -2.021072569287104707e+05 1.924151711127734743e+05 6.520162791500836611e+05 6.934028508849368664e+05 2.907608774737556232e+05 2.399327851823394303e+05 2.785398868376585888e+05 2.328688590443347930e+05 7.646842066150180472e+03 1.323114158120333450e+05 -1.300180397855924239e+05 -1.421529384313575283e+05 -1.718437168228726659e+05 4.324982856099415221e+04 -1.135805837660285470e+05 -6.804312604044037289e+04 -7.471864236879686359e+04 3.931268122649462748e+04 3.657974460934084345e+04 -4.562258838363912946e+04 3.672901279009002610e+04 -1.102582662850367924e+05 1.111246547170688427e+05 8.916654130833272939e+04 3.790102458437324094e+04 6.122627976977985963e+04 5.684179544233974411e+03 -1.122656156994148769e+05 -7.420576800507068583e+03 -3.033107838353516127e+04 -5.572416267374167546e+03 -9.807465874927140248e+03 1.016456219219557388e+05 -3.516941084294585744e+04 -1.110350830278659669e+04 2.432458371688619081e+04 -1.445616915498723574e+04 -3.598562129086931964e+04 -3.590384134297375567e+04 -1.556934076847028518e+04 -1.201198965615734232e+04 2.613326166808433118e+04 -7.538603623202127892e+03 -4.722888621184574004e+04 1.680243950764589906e+08 4.605418612147371471e+07 2.708521813701207936e+07 -1.579301970336699113e+07 -2.324026667361492291e+06 7.263861586041842587e+06 4.967429537495520897e+06 4.046013925801482052e+06 1.479371022126046242e+06 -6.688935558581736870e+06 -2.875636825033553876e+06 -3.025680983535147272e+06 -8.018581518657130655e+05 -4.149065354017394129e+05 -1.202346963629075093e+06 -1.399271272660437680e+05 3.143101154373054858e+06 1.229676109829785069e+06 1.049800445607670554e+05 -6.708540685984856682e+05 -1.419170180640601029e+04 -3.777203481638365774e+05 5.371659903182840208e+05 1.133337444922702416e+05 3.114185348820123472e+05 2.075127971682982461e+05 4.366818060395376233e+04 6.719523049349775829e+04 2.248095159164261422e+05 7.441012832925812108e+05 -8.416786360697128111e+04 -1.600979068157360307e+05 -4.131542526177246473e+05 1.032584572043384833e+04 -1.007973449927756737e+05 -2.967682521513706524e+04 3.790709165147689055e+04 3.805498627078428399e+05 2.387645218424609920e+05 -2.245833162406558695e+05 6.262846360355309298e+04 1.677106424904205196e+05 2.857219054444789072e+04 -6.876666716584077221e+04 -2.865362494277534279e+04 5.561012721178821812e+04 3.411605173506447318e+04 -7.923427653003380692e+04 -6.487492694794789713e+04 -8.515149829360410513e+04 -5.179481201484554185e+04 -1.056726187933558867e+04 3.530612070187731297e+04 -4.541533242249036994e+04 9.785994781054929263e+03 1.076921867945216945e+05 2.387061230036844427e+04 5.153709504192652821e+04 3.806424186669274786e+04 -5.666057877462361648e+04
7.802130281268711388e+07 1.584684201339919567e+08 2.242057834567491710e+07 2.858492064621213358e+05 -7.609536510060651926e+05 2.838645324196735746e+05 1.261664376837278251e+06 8.764325869069159962e+05 8.407979114616911393e+05 3.043411296427189372e+05 -1.035537135241003358e+06 -8.569555080687600421e+05 -8.608964957397310354e+04 -2.834320457424967899e+05 1.521951555543724971e+05 -2.246608666545306332e+05 3.032482423841981799e+05 -4.373362941940889868e+04 2.017431346460494096e+05 -1.551579948881762357e+04 3.184906640449085535e+04 -5.923936748666533094e+04 1.268205084833366709e+04 8.750367851622171293e+04 -9.986544525018996501e+04 -1.893297538555573192e+04 -9.191818497779429890e+04 -3.652525381728395587e+04 -8.678912116007899749e+04 9.174764346496662256e+03 -1.549449078480113822e+05 -1.202599607023143617e+05 -9.379113556365396653e+04 -4.320636782795430918e+04 8.938726638258695311e+04 -7.419944511131366016e+04 -5.599964026227914292e+04 6.470671568924515668e+03 1.210177175742767577e+04 -1.309345254428873523e+04 -7.803956325632437074e+04 -4.205894997223153769e+04 -3.760518960616132244e+04 -4.855058196177746140e+04 3.971798440440351442e+03 -2.572569995279685099e+04 -3.535170907335587253e+04 -4.170393993134615448e+04 -1.998297711353133127e+04 -8.884842364393391108e+03 -1.069320494541244625e+04 -1.928042949285254144e+04 -2.020488759766674775e+04 -3.817983793971022533e+04 -3.913945713082318252e+04 -6.207823484937126341e+04 -3.422870571443787776e+04 -5.107370413735372858e+04 -2.499334394569118376e+04 -1.376517592227698879e+04 2.006779797059103101e+07 -2.259580897663910314e+07 9.846697836017799273e+04 1.057343505243175168e+05 -4.181768753078526817e+06 3.676105276626205887e+05 -4.646766459106944967e+05 1.182029621758021181e+06 1.558217601711718133e+06 5.805038353695476690e+04 -1.312418857002505334e+06 -1.857490132437427063e+06 -8.679832840618835762e+05 8.513331432593811769e+05 6.959061732316613197e+05 2.354279232034349116e+05 4.132020188405853696e+05 3.655371104161519906e+05 -6.061347935163437796e+04 -1.035710754172706656e+05 -8.334492819000447344e+04 -1.249769142739725357e+05 3.673032733782983996e+04 -1.133508641253667884e+05 1.672371408706863003e+05 5.003307171175393887e+04 5.825818028241854336e+04 6.432773831500657252e+04 -7.105256268343789270e+04 -2.029328175019019109e+05 -1.620596599090914824e+05 -1.732722272445783310e+05 -2.546052834967191448e+05 -7.786635652464759187e+04 2.390853747216010106e+03 5.614545025157808413e+04 9.163423889591720581e+03 1.560534718988404529e+04 1.874064834688603150e+04 -1.039483419352537894e+05 -7.003310281384288101e+04 -1.487566410519366036e+05 -7.154933810241415631e+04 -5.627660156757221557e+04 -6.168669109219591337e+04 -7.257489255637540191e+04 -9.766652876422193367e+04 -3.844877853190983296e+04 -1.082892742912336689e+05 -4.583068256329708674e+04 -4.874066479046353197e+04 -9.052427523142250720e+04 -4.522026952424624324e+04 6.035694259760400200e+03 -1.521497783792240443e+04 4.234054006938513339e+03 -7.497763267987981635e+03 3.093891017410835047e+03 1.220827405367283609e+04 -3.478147618270496605e+04
1.347751234035886824e+07 2.242057834567491710e+07 6.515632048247204721e+07 1.149629189848515019e+07 -4.918549297893189942e+04 -5.905965332372245612e+05 7.148531155092169065e+05 -4.638313915635682642e+05 4.370769472033553175e+05 1.629675943798200460e+05 -4.374060717276394134e+05 3.022001084303942625e+05 4.445952288311857847e+05 -9.865666517039116297e+04 -1.250983941744249314e+05 -1.277162960904588981e+05 1.824639565951424302e+05 6.782877993181566126e+04 9.401486063749354798e+03 -5.661039537638836191e+04 3.411932617818233120e+04 -7.906287124108093849e+04 1.205020756347540555e+04 2.995168797134831038e+04 7.157693953863872594e+03 5.611781683829122630e+04 -5.868110985106047883e+04 1.793774955315358966e+04 2.932624268719803149e+04 3.385797891348065605e+04 -8.282604798130488780e+04 -7.991445019643788692e+04 3.949946866885846248e+03 -2.253513355339267036e+03 1.443514810385231976e+04 -5.542973582396944039e+03 -3.871368681068856677e+04 2.350106133060109278e+04 2.631621919827355669e+04 -9.558300858171764048e+03 -4.999824581450084952e+04 -3.550808287532933900e+04 -2.099447274134155668e+04 -2.323919755663074829e+04 -1.050342842687328130e+03 -1.982079892262211797e+04 -2.464452531257625742e+04 -2.642490686265019394e+04 -2.126991641412043828e+04 -2.406035599410033683e+04 -4.231445787621392083e+04 -1.784420228368943208e+04 -2.176039884228212759e+04 -2.164666850114234330e+04 -1.816565099654567530e+04 -2.438838185604242244e+04 -1.014636978706963237e+04 -2.236859438166823747e+04 -2.095497711978408552e+04 -8.385216460705207282e+03 3.142534906546492130e+06 -9.635303719659931958e+06 -1.886351619415445253e+07 3.677305916522715241e+06 3.207692680993016809e+06 4.749046827151653706e+05 8.070235634466100018e+05 1.831013316048269393e+06 -3.485853767057592049e+05 -6.648669393771986943e+05 5.720331540679663885e+05 2.494022946443532710e+05 -9.585534765537394560e+04 -1.437068145257509968e+04 -3.865691521064508124e+05 -1.604928979578620101e+03 7.881737624979050597e+05 7.049785424462546362e+05 -9.825849122131052718e+04 1.846706331298838268e+04 -1.168605494960130454e+05 -6.786672849756068899e+04 -1.621643099528988751e+04 1.082419871526633142e+04 1.391222904897291737e+05 1.731643138441899500e+05 9.522661725302359264e+04 1.778740149596309639e+05 1.584077722075486236e+04 8.216729988476871222e+04 -6.672481960901476850e+04 -7.499166314707184210e+04 -7.856401277871115599e+04 9.647511352103274476e+03 -4.067714147538931866e+04 1.232733488433676575e+04 6.534974061329254619e+04 4.568930571251727088e+04 2.743178914395284664e+04 -5.225026839346194902e+04 -1.931754092639327791e+04 -4.808986522905062884e+04 -1.936573514318505477e+04 -5.369277541524630215e+04 -4.800227450332668923e+03 1.658259364644882794e+02 -3.543355250616469857e+04 -4.714512214126670005e+04 -6.278567921544441560e+03 1.262648028577142941e+04 4.657527454972601845e+04 1.048824761023758219e+04 2.111590430726397756e+02 2.597861894114484312e+04 8.662854936014307896e+03 -2.792324502043470420e+04 -1.575328324918004364e+04 2.037914518676749509e+01 -2.438872205014080100e+04 -2.113167204896250951e+03
-9.638296808022575453e+06 2.858492064621213358e+05 1.149629189848515019e+07 3.666390765555106103e+07 5.392970212081459351e+06 1.331886738308358472e+06 -1.559472266631461680e+05 2.533190177105766488e+05 5.633814599483348429e+05 4.319992066249217605e+05 -2.607933526513280813e+05 1.208038050489668094e+05 -1.872192953030171702e+04 -1.998847898852764411e+04 3.450276229691014159e+05 1.246236479548486968e+05 7.852233807762731158e+04 -7.716502504862617934e+04 -8.286570517250700505e+04 -3.782355430059323407e+04 2.644651825058518079e+04 -6.896167707874206826e+04 2.950969684552301260e+04 -4.479927177408862917e+04 -5.154303483415277151e+04 1.229317198473010467e+04 -1.300327093608206894e+02 2.845825415482734024e+04 6.964734391489175323e+04 -1.953315872554986299e+03 1.757337415064495872e+03 -1.395462042634810859e+04 3.159525598263895517e+04 1.224521769247003613e+04 4.066868411532174650e+04 1.077244184012578444e+04 -4.639728822382518047e+03 4.129665415169616608e+03 1.658435414794155076e+04 1.010238329958919348e+04 1.381879235712366972e+04 -4.960464950264893560e+03 -9.123906650748989705e+03 -1.865287913519734275e+03 1.305156548294388995e+04 -2.305368298551561020e+04 -1.017712942931914586e+04 4.386291869564925946e+03 -3.493154360937069214e+03 -6.909875352939086042e+03 -7.208910166408867553e+03 -9.542109649642607110e+03 -2.958339578731046004e+03 5.311306931321124466e+03 -7.272503826731521258e+03 -1.196495959382130059e+04 -1.141084839824692244e+04 -4.048903110174300764e+03 -1.946247193376727637e+03 -4.502147272165946561e+03 -8.868622520557086915e+06 6.875280968064699555e+05 -7.127974865864350460e+06 -7.130993016792336479e+06 1.729282168029495282e+06 -2.925512485119193443e+05 -3.796738517187577090e+05 1.145359633391212672e+06 9.414379795969654806e+05 1.917806528381692187e+05 3.025906247300468385e+05 4.198674036450291169e+05 -1.567314736614789290e+05 -5.156350951388873364e+04 4.171095368744339212e+05 2.987696466091044713e+05 -9.527431483336641395e+04 1.079350924498856184e+05 1.116082340505543398e+05 -1.019696605545208586e+05 3.004910067912685554e+04 -1.818154825873867230e+04 -1.226461017097116710e+05 -2.157239792665898858e+04 -5.531106932239761227e+04 7.529084036324292538e+04 -2.029167300932591752e+04 -6.510616978894898057e+04 -1.035115350664865400e+05 -5.046562391283569741e+04 -1.076344985541719798e+05 -3.216905806318081886e+04 -8.914241673438173166e+03 -5.873686414279555174e+04 -1.004366335281803040e+05 1.483819305325526693e+04 -4.307414544396225392e+04 -5.369428299166810029e+04 -4.586869750780097093e+04 -4.156275490766677649e+03 -1.481437963384822797e+04 -1.262897896266298449e+04 -1.829205286574698403e+04 -2.400017842698417735e+04 -3.590819576988611516e+04 4.990109594014308641e+03 -1.829427852249153511e+04 -3.279172188978501799e+04 -3.539884489365523768e+04 -4.117759498613879259e+04 -3.061214212748136197e+04 -3.256586730832657122e+04 -3.592549603967423900e+04 -2.141579744831912831e+04 -2.885311153165226278e+04 -2.055420638458163376e+04 -6.158835438977930608e+03 2.921490268199735965e+03 -9.437065397350424973e+03 -1.298395481917331745e+04
-3.933230063323318958e+06 -7.609536510060651926e+05 -4.918549297893189942e+04 5.392970212081459351e+06 1.922061971788333356e+07 3.889557310187942348e+06 1.166019042016195133e+06 9.722067577885501087e+05 1.146719891228402557e+05 8.385932286356478289e+04 2.395142026377061848e+04 1.879208055297078681e+05 -7.729406172723819327e+04 2.279582219417211018e+05 -1.071270572610084491e+05 3.274556979797445092e+04 -2.329127851270103929e+04 2.561855560553509713e+04 -1.135273784728917817e+05 -7.094137990927793726e+04 -1.850291544521467586e+04 8.158083971998047491e+04 -4.203500843037457344e+03 -2.559305076639830531e+03 4.559211936602936476e+04 1.752652295943405534e+03 -2.495097985078265265e+04 -1.859976640036839308e+04 -9.468138132074973328e+03 -3.878124135286792443e+04 1.689284134249576891e+04 -4.770862226398787243e+03 1.943996622341979673e+04 9.932232610464090612e+03 -4.040333327005388128e+03 -8.871974897226893518e+03 -5.952633278855025310e+03 -3.677394750094795199e+03 -9.735397717353571352e+03 -1.974476519306186674e+04 -9.905506647159158092e+03 -1.122586041241941348e+04 -1.224849079829930815e+04 1.919285208660563057e+03 -5.000538459405339381e+03 5.244951743730705857e+03 -1.091838701611329998e+04 -2.580730515788337925e+03 -1.810971639481668171e+04 -1.013710980184692744e+04 -3.823437690516138446e+03 -5.649781348372454886e+03 -1.207494225667556748e+03 1.155725233412756097e+03 -5.718961958186655465e+03 -7.063144772815903707e+03 -1.342974587515570602e+04 -2.666848752396681903e+03 3.809185981638977864e+03 -3.434177195851175838e+03 1.432243836476746947e+06 1.490363958095440175e+06 -7.469487536343641113e+05 -1.684843826390629867e+06 -2.330997273979118094e+06 7.535337968838568777e+05 8.920611060752077028e+05 2.384093745624033909e+05 6.394808136780452332e+04 -5.143889671455063217e+04 3.286322962995726266e+05 -2.953058084492323178e+04 2.632677103844033554e+05 2.988102964005015674e+05 1.352806161876727492e+04 2.127417738714239385e+05 4.029463557205773395e+04 -5.105667090836267744e+04 -9.387035435460100416e+04 -8.728181528436605004e+04 7.057680317123424902e+04 8.387103706870498718e+04 -3.320745596966905578e+04 1.872099930571952791e+04 2.533754221461840643e+04 -3.453148731075669639e+04 -1.262629996918162942e+04 -1.663647857569210146e+03 -5.148145923712305375e+03 -3.867503478027948586e+04 -4.390563317845422716e+04 -7.080160534907384135e+04 -1.705957457100415559e+04 -2.080258204971830128e+04 -4.462336500465795325e+03 -5.261818271478905081e+04 -2.041287481640309852e+04 1.437578087998697629e+04 -2.756006844901152363e+04 -4.915281376331530919e+04 -4.547957906138909493e+03 3.201910831008964669e+04 -1.258571631352422600e+02 -1.706404541922882709e+04 -2.746025895418698201e+04 -3.001668190640592911e+03 3.935977520807553901e+03 -1.401711378799535305e+04 -4.503475286446323298e+04 -3.540668421542163560e+04 -2.576248625707804877e+03 -5.182696325924200937e+04 -3.245596972522021315e+04 -2.316229001455594698e+04 -2.707338445198691988e+04 4.243669557307975992e+02 -2.084277093550179052e+04 -2.177750295865021326e+04 -4.175886703202894751e+03 -1.218209785516627198e+04
-3.612497228641609196e+06 2.838645324196735746e+05 -5.905965332372245612e+05 1.331886738308358472e+06 3.889557310187942348e+06 1.049268427722869255e+07 1.547385276805773843e+06 8.551528864135774784e+05 1.509292544267815247e+05 -1.649998388353883929e+05 1.324786698618559749e+05 6.966753465351108753e+04 -3.424235742084772937e+04 7.976329063020944886e+04 2.662912246896211400e+03 5.211870151919456839e+04 5.028894368836760259e+04 4.168064124347797770e+04 -8.054682552700000815e+04 -2.823104253341509684e+04 1.639483526286807682e+04 3.435201732895079658e+03 -3.281128912509787369e+03 -2.624639415317206385e+03 3.762747413334182784e+04 -8.227883197325178344e+02 -1.652438669992532596e+04 -4.179641688388812327e+03 -1.385430389248473875e+04 -1.410839833895122501e+04 1.678834246303460077e+03 2.463990234523077106e+03 1.121706073341924139e+03 -6.739325273748723703e+03 -6.428861251966381133e+03 3.406894165454014001e+03 -7.556003090264331377e+02 1.957354095565006719e+04 -4.610493854294153607e+03 -8.660747913391403927e+03 -1.528738165461857898e+04 5.743024908315120456e+02 4.093949275514984947e+03 8.531271845823772310e+03 6.646698797553066470e+03 4.209285966620929685e+03 -4.189098493957889332e+03 -1.854564587598634262e+03 -8.119680792723548620e+03 7.281754495447524960e+02 6.124000364037388863e+03 -4.791115977600760516e+02 -9.128103137825204612e+03 2.483751843744535108e+03 -7.271271611827245579e+03 -6.288214210357650700e+03 -5.206655351107623574e+03 3.422646673343686416e+03 9.452234214073910152e+02 -3.213065247955381437e+03 -4.693491744782913476e+06 1.589487991750585847e+06 1.505973225908831228e+06 9.518168603726561414e+05 3.549777143502129475e+05 2.998140684782858079e+04 1.867566795628935506e+05 -7.749014334213595430e+04 -1.159355354739395407e+05 1.593221261108928011e+05 1.446223301653631206e+05 4.023901147111548198e+04 2.563471419987888366e+05 -1.665162922342600941e+05 -6.251686067303841264e+04 6.460762399538291356e+04 1.648318674708329490e+05 8.303929771283530863e+04 1.783417277352452511e+05 1.545167568287957693e+04 -2.957351944330071547e+03 6.133726502717746916e+04 1.060276345261998176e+04 -1.315268701848436831e+04 -6.061842090306136379e+04 2.590180263480107897e+04 4.021348180228306319e+03 -4.505711029263936507e+04 -2.795040224751543792e+04 -5.401269860733360110e+04 -4.098381593329720636e+04 3.900887335439637809e+03 -2.309435265353591240e+04 -2.910628811965824207e+04 -1.832207425261450771e+04 -1.848539422014563797e+03 -1.488023212927327404e+04 -4.076719921404665456e+03 1.327711851166557381e+03 -2.118027607440412248e+04 1.247353256410267932e+04 1.755354439161044502e+04 -1.356327774096419853e+04 -1.354013736535228782e+04 -3.097627517319766412e+04 -2.334212755166305578e+04 6.663027731623689760e+03 -1.275593180726806168e+04 -1.415739324141341967e+04 -1.150831150936331505e+04 -2.379370640388061929e+03 -1.719023321290559761e+04 -3.530217210076836636e+03 -5.301906672208851887e+03 -2.791772948348013233e+04 -1.526980335903278501e+04 3.583890265426757196e+03 -1.559730118805180427e+04 -4.584127040241416580e+03 -4.052396112071648986e+03
3.290506043061646167e+06 1.261664376837278251e+06 7.148531155092169065e+05 -1.559472266631461680e+05 1.166019042016195133e+06 1.547385276805773843e+06 6.472263983696585521e+06 1.524568569410622818e+06 2.706209201874021674e+05 3.870171435618986288e+04 -5.516454188665641414e+04 2.302387835680382705e+04 2.582773972503568802e+04 1.696324592933621534e+04 -1.148837791324992868e+05 -6.555124773068656214e+04 8.731896100579460835e+03 -1.858895805773699612e+04 -2.183795647321671640e+04 -3.647243192989589443e+04 -2.153809011861561157e+04 3.899393714492038998e+04 1.120224801278226550e+04 1.749298280804854949e+04 2.697252127272566941e+04 -2.994554783910158221e+04 -9.019948385031326325e+03 -1.377998311451669679e+03 3.577055651022752954e+03 2.692632771687498916e+03 4.911561833125725798e+02 -4.740037340952175327e+03 -4.516138926384304796e+03 -4.746454940764456296e+03 -2.134703869649207263e+03 -7.887668163832135178e+03 -1.024440601821661949e+04 -6.664259127281582550e+03 -9.640721270947307858e+03 4.123203397244765256e+02 -5.923925674691744462e+03 -6.016879763129835510e+02 -8.534814227942359139e+03 -7.467840119121134194e+03 -1.007650612915921738e+04 -8.556108319187918823e+03 -4.287351764456861019e+03 3.044916009803385350e+03 -9.857660376067349262e+02 -4.490074497445340967e+03 -1.836984356370376190e+03 2.199718267580211887e+03 -5.910677808535988333e+03 3.234357084105138256e+03 -1.291578436521680032e+03 -9.554541850186737975e+02 -3.010930737447878528e+03 6.148272302533064249e+02 -2.265531048141311658e+03 -2.920341048800305089e+03 7.051902494259777013e+05 1.652169858649137605e+05 1.300271093901215354e+06 -8.564012279941103188e+05 -4.299153623340143822e+05 6.170637456394013716e+05 -9.118972811969260219e+05 2.943385691934739007e+05 1.878180790321214008e+05 1.103196718586872885e+05 1.335130981700761477e+05 -9.235908536272677884e+04 -9.921174735093178242e+03 1.335134503462342764e+04 -1.440407999966751959e+05 -9.097164620374604419e+04 -8.905320906683450448e+04 -4.089558366606908385e+04 6.875568484615179477e+04 -1.210469688982636035e+04 4.120512651844272114e+03 3.947078173396347120e+04 2.289131658648827579e+04 -2.051015891871126951e+04 -1.495957113488236610e+04 -7.846490805936189645e+03 1.341361012914114872e+04 5.400820148083196545e+04 6.396149929498096753e+04 -2.695633845195767663e+03 -7.300674354322150066e+03 1.280134453130764268e+04 -1.077042903185289288e+04 -4.302374878607753635e+04 -3.222031694731827884e+03 -2.362835676089116532e+04 -2.210581462757043846e+04 -9.074676353675815335e+03 3.610306683501237785e+03 -2.366211286388454027e+04 -7.886340089814864768e+03 1.294571148027994241e+04 -1.430424468516572779e+04 -9.074038652832239677e+03 1.638266216473211443e+03 7.919027545231880140e+03 -2.494244873874043151e+03 -2.386649725906163894e+03 -4.623314024986573713e+03 -1.018003880845505228e+04 -5.875845982459877632e+03 -1.248172909553741010e+04 -1.036966856016293241e+04 -1.616271148524230011e+04 -1.237853889478285419e+04 -5.105158939104618185e+03 5.721511171595982887e+03 -5.891506199916900187e+03 1.386042463051874392e+03 1.574517740118727716e+01
-2.961511000742661417e+05 8.764325869069159962e+05 -4.638313915635682642e+05 2.533190177105766488e+05 9.722067577885501087e+05 8.551528864135774784e+05 1.524568569410622818e+06 3.745953936987749301e+06 6.920228796102711931e+05 2.115918169862447830e+05 1.042141258024557028e+05 5.321954075464251218e+04 8.823325364710410940e+04 8.475774893169636925e+03 -4.980961478683097084e+04 2.793726189540243286e+04 2.698680868541897871e+04 2.008700794393585602e+04 1.197634527893618360e+04 -2.534774019141383542e+04 9.502949813801818891e+03 4.974714309144808794e+04 9.304914310272224611e+03 -6.094104043492422534e+03 -1.080924942146553440e+04 -8.941148164276526586e+03 -7.194140409794601510e+03 1.117524903426484570e+03 8.258726142795119813e+03 3.967191056125220712e+03 7.081233166675656321e+03 5.490274054153343968e+03 6.180660901317113712e+03 -4.720177101249952329e+02 9.445126904831675347e+03 4.390524858706248210e+02 8.021480297807384030e-01 7.130931291643340955e+03 1.173971286696517609e+03 -1.985210364941086482e+03 -3.106093683829112706e+03 -2.754573564216523209e+03 -2.869143272686508681e+03 -3.533837967751332599e+03 1.074228724784900805e+03 -3.621039595080053004e+03 1.538521355553933745e+02 -1.276154695466009571e+03 1.488093286161779645e+02 9.749308865518627272e+02 -1.209305487179563215e+03 -9.919751799043585834e+02 -2.084780098599596840e+03 -4.647691924375281815e+03 -1.220674072619770527e+02 2.633164328988305442e+03 -1.346817082669851516e+03 -1.197604816060536677e+03 -1.272135384557912857e+03 -3.733398791799821083e+03 -9.479474213540023193e+05 4.181958704225974507e+05 1.322779326673174044e+06 -1.639932406354016857e+05 -2.623438492809434538e+05 1.761099321873401932e+05 1.452338640452286636e+05 -2.430433598219273335e+03 2.683163245950817945e+05 1.923687434237791458e+05 2.331628144093346782e+05 1.260709263751146500e+05 -7.295129360387440829e+04 -8.393503332200062869e+04 -1.907002514682654873e+05 1.225715628828181798e+05 3.303396292577568965e+04 -2.445232742534637146e+04 8.394047002491766762e+04 -5.216293073079088208e+04 3.180652906915933272e+04 -8.169705184136065327e+03 1.199777616496252995e+04 -9.026781561625704853e+03 -2.009262588385081108e+04 -3.585490608567282470e+04 1.143408840963505463e+04 2.400694801652129172e+04 3.550221729060119105e+04 -2.166913261292492825e+04 -6.987110198400127956e+03 -9.107439269428816715e+02 -1.449935549142912350e+04 -2.237049690400712643e+04 5.793271991034198436e+02 -1.233048842314766080e+04 -5.037838149798897575e+03 -1.335233674204304225e+04 5.134421936842062678e+03 -2.481782458269035487e+04 -1.032949158759134298e+04 4.189644297120087685e+03 -3.157526373418145795e+03 -6.577913146410648551e+03 8.051875214209087972e+03 -3.803036862340161861e+03 4.502569597153284917e+02 2.750634312516644059e+03 -3.684721649330714172e+03 -7.050167226455102536e+03 -9.878959825521076709e+03 -1.106629124600534306e+04 -8.624461559096444034e+03 -3.009873533526067149e+03 -4.822988764171754156e+03 -1.003486072346902620e+04 -2.702979404640740540e+03 -6.272680998382492362e+03 -5.529696738104305496e+02 -3.535211535617447680e+03
-3.083193907137823408e+05 8.407979114616911393e+05 4.370769472033553175e+05 5.633814599483348429e+05 1.146719891228402557e+05 1.509292544267815247e+05 2.706209201874021674e+05 6.920228796102711931e+05 2.560821092283667531e+06 4.477776584821594879e+05 8.242380040579654451e+04 1.063431667924424801e+04 -1.357066934710250098e+04 3.952630516886630357e+04 4.228437155647627515e+04 2.694823952767382434e+04 3.984437274287316541e+04 4.752047552492298564e+03 -7.976201156637619533e+03 2.537600752736708455e+04 1.191549830589101839e+04 3.047034758637395134e+04 1.645602282709564679e+04 1.492625431755404497e+04 6.737350726558261158e+03 -7.121095731793912819e+03 -2.957237648874155056e+01 3.831529964111394747e+03 1.097258384911864960e+04 9.356562192802979553e+03 8.433590911959068762e+03 6.968501325326329606e+03 3.734466905083437723e+03 1.141817180679659486e+03 7.666918110774094202e+03 4.306739724822020435e+03 1.357571103435085661e+03 -5.794419687140045426e+03 5.604122283747665278e+03 1.382032512634857994e+03 1.200614335638269722e+03 5.623164226382434405e-01 3.887796096743029011e+03 -1.781259445906819337e+03 -4.548813807473816269e+03 -3.083327096565598140e+02 3.411516030102258810e+03 -1.238030222237263160e+03 7.506810657380668772e+02 -2.677492173442989497e+03 -1.485164512992956816e+03 -1.347768023437263082e+03 -2.763820825344359946e+02 -1.879188741603323706e+03 -6.269913457365117893e+02 2.377376111511302042e+03 -1.660937252071719058e+03 -2.607075396998189717e+03 -1.321036900410442513e+03 -2.755902452147537133e+03 -2.067873692181895953e+06 1.145641434442181140e+06 -7.855021294625629671e+05 -7.170805593739673495e+05 -1.450764125566620496e+05 5.342458232125350041e+05 1.639647706247822789e+05 2.132370137504988816e+05 -2.486650730383040209e+05 -2.857064374282317658e+04 1.616158484703740978e+05 1.161002790587033378e+05 8.141830554375334759e+04 -3.711651557614659396e+04 -3.565916647974900843e+04 4.173760693664233986e+04 1.149746849900583584e+04 -3.761284490134917723e+04 -6.129615179674703541e+03 6.839374852178287983e+04 9.661736795573151539e+03 -1.392481427718192026e+04 -6.864011438275909313e+03 -1.057136646719835881e+03 -7.069257408173648400e+03 -3.013484800185956192e+04 -2.922507844587670115e+04 -3.043718827129912370e+03 1.480343822766673475e+04 -2.040597710900450329e+04 -5.949631855794499643e+03 -1.243691194190756323e+04 4.308123125691001405e+03 -2.942843171228947540e+03 -8.593674553239488887e+03 -9.347826837974756927e+03 -1.028908852685431339e+04 -2.552127261052766335e+04 6.183559344358670387e+03 -3.458910717075588764e+03 7.593694582668224484e+02 -9.280915955859569294e+03 -7.926864977337827440e+03 -4.794830834013024287e+03 7.945555488657668320e+03 2.674564191864093573e+03 7.775797785804006708e+02 -1.691088212000063550e+03 -1.127508930235917796e+04 -6.816087989128021036e+03 -6.317783853916165754e+03 -9.540562824428994645e+03 -6.990234557451197361e+03 -1.737619255233738613e+03 -8.264876519383275308e+02 -8.881551943981239674e+03 -9.702427864861339913e+03 -7.856131729517411259e+03 -2.639635522778852192e+03 -2.787692470831762876e+03
-2.861508074479629868e+05 3.043411296427189372e+05 1.629675943798200460e+05 4.319992066249217605e+05 8.385932286356478289e+04 -1.649998388353883929e+05 3.870171435618986288e+04 2.115918169862447830e+05 4.477776584821594879e+05 1.522015865498704836e+06 2.886337117300468381e+05 1.361032366204892605e+04 6.418173122427034832e+04 -4.602350134784140209e+03 -1.399535282627326524e+03 -1.438995000702047037e+03 -5.214475595124192296e+03 -6.651100084102165056e+03 7.655438246763831557e+03 2.028026169906377982e+04 1.786906767483917793e+04 5.625615818042468163e+03 1.492691561224550605e+04 4.985927853274149129e+03 4.228080533338735449e+02 -1.582209120001781230e+03 1.073781717242092418e+04 1.643832903571506904e+04 7.733438225359638636e+03 3.236876410380301877e+03 -1.030826249778815281e+03 2.173530788513964126e+03 1.478762274673463025e+03 -7.430308560143312206e+02 8.048954019986931598e+03 6.554209325176869925e+02 -4.215367306061600175e+03 -5.659182051520439927e+03 -1.205451349404519306e+03 -3.553779282647390119e+03 1.604873727612395214e+03 1.307616161535288938e+03 3.574895561053031997e+03 -3.709864873827717020e+03 -3.736877964509613321e+03 -1.709752442149569788e+03 -1.717472923604882453e+02 1.032410869456703608e+02 1.277511406047333367e+03 -1.399622929371259033e+03 1.095037348873922156e+03 -1.205866276969355113e+03 1.433602488674040387e+03 -3.860587361128700650e+02 1.384575987735237504e+03 -1.418987587971744915e+03 -2.099915666025743121e+03 -1.263620130683792468e+03 -2.412548534987892708e+03 -4.788086215403702113e+02 -4.275920640544263879e+05 1.133855556325229118e+06 -6.193057653152287239e+05 -5.454282504282135778e+04 1.148878859991905629e+05 3.359744698343478958e+05 2.389444946949493024e+05 1.412737962732764427e+05 6.262086967441462912e+04 7.563884716330539959e+03 1.752996992880373145e+05 -4.437027810070170381e+04 -7.504584000349886082e+03 1.730906012464609739e+04 -1.281061257860119986e+04 1.169566536720273689e+04 -8.825417783352546394e+04 3.959180329544110919e+03 -1.378248861491150456e+04 4.518990396836779837e+03 1.810476456603599581e+04 1.166747534166932383e+04 -4.547916084966691415e+03 9.478844264922276125e+03 1.372185473489723336e+04 1.527861416877295778e+04 2.068845212933874427e+04 6.323487028252885466e+03 -6.560676043626384853e+03 -7.625559035683813818e+02 3.371627791140224417e+03 2.710509985043554479e+03 9.910818170853115589e+03 1.158808196496867822e+04 1.118643705222831159e+04 2.487955928797344313e+03 -9.856105567204274848e+03 -6.431782043622487436e+03 2.164434861963770345e+03 3.696019761789231325e+03 -8.460796568487119657e+03 -8.914959731541712245e+03 -3.828781360537899218e+03 -5.950648212094880364e+03 4.167939682923495639e+03 -1.235569107574409645e+04 -7.494617899042697900e+03 3.761179686796039277e+03 2.469369796444036638e+03 1.150876005452794516e+03 -6.137734761920276469e+03 -2.291910097917393159e+03 -1.566821692494062745e+03 8.956401310408527934e+02 -6.189956325072937943e+03 -3.650175779350198809e+03 -4.284658551502486262e+03 -2.007004451487307733e+03 -1.385400803688321957e+03 -4.600973603436078520e+03
4.733035546576068737e+04 -1.035537135241003358e+06 -4.374060717276394134e+05 -2.607933526513280813e+05 2.395142026377061848e+04 1.324786698618559749e+05 -5.516454188665641414e+04 1.042141258024557028e+05 8.242380040579654451e+04 2.886337117300468381e+05 1.185315605073229643e+06 2.189448043835317658e+05 -1.405449636078948970e+03 6.228999190523130892e+03 2.969383904414436984e+04 -4.969742181259141489e+02 6.673783814084670666e+03 7.411178834124726563e+03 1.469521499458376275e+04 1.400473904329179823e+04 -8.479989063472312409e+03 4.616293196412795623e+03 -7.925469788887106915e+03 -8.778529861073506254e+03 3.731211788662410527e+03 -6.533848472450407826e+03 -3.485710163589424610e+03 -1.885561173961517397e+03 2.863757358119357832e+02 2.494908105835347214e+03 3.360586908068384673e+03 3.566558951831575996e+03 3.783374853595087643e+03 1.172058580466226431e+03 8.641454571234626201e+02 -1.813065962385231842e+03 -2.301789055640822880e+03 7.553727620947661308e+02 3.482838704077831153e+03 6.117935205345512486e+02 4.076681397911938802e+03 -1.146155766369572802e+03 -5.356733833507862073e+03 5.415521630759160416e+02 -4.284061496135335574e+02 -8.257422634809071269e+02 3.159445477962943301e+02 3.254515290367527996e+03 -1.464007286462818684e+03 -3.026971829260113282e+03 -1.476587407263972409e+03 -4.554699669512198852e+03 -1.087942110042909690e+03 -1.541542242486968689e+03 -2.784362894539825447e+03 -2.973719603067996104e+03 2.481875683438957196e+02 -1.408743738176950444e+02 -4.321543091117150652e+02 3.743635851161797063e+02 2.737863960511632613e+05 -1.090505373328285059e+06 -1.109422133579943184e+05 4.679087835576965008e+05 2.032889680795006570e+05 -2.424101521011541772e+05 -9.329490838962121052e+04 -1.409803449790296145e+05 -2.172980800926451629e+05 -1.456980615218504972e+05 1.063313468793313659e+05 9.938365747984826157e+04 7.269451474578773195e+04 -1.790291249540333592e+04 -5.037956207337156957e+04 3.083685735726568964e+04 8.588887318667419095e+03 -5.791682578666421250e+03 1.881584947870215547e+04 -2.681932861440648412e+04 -3.162702807916123675e+03 -1.861925302484347412e+04 1.650656882365731144e+04 2.094951933690002625e+04 2.013399959991051946e+04 2.194409983540656685e+04 7.753081758767780229e+03 2.390084536045963250e+04 1.604242096652323926e+04 5.124633731922390325e+03 -2.772538970622622401e+03 3.762997780565741323e+03 5.335669500862378300e+03 -1.714892183809051630e+03 1.009166123802550464e+04 2.207226358584033790e+02 -4.547868786215773980e+03 -1.189649912134377473e+03 1.363321476051603213e+03 4.259403057838326276e+03 -9.787728654838254442e+03 -2.785908306547571556e+03 -1.913127987417379472e+03 -4.628337165745259654e+02 -2.143175589459530329e+03 -3.720559184258357163e+03 2.473012658963384183e+03 5.142035899682002309e+03 -2.583945866386573471e+03 2.113889620438565089e+03 1.075290850860870023e+03 -2.976446809453641890e+03 -2.548614426202555478e+03 -2.623468272163683196e+03 -3.259779718571494413e+03 -1.860824282619918080e+01 -2.624203765139192456e+03 -5.355477955109455479e+02 2.533919801150576859e+03 4.713605029368382588e+02
-4.308039219761318527e+05 -8.569555080687600421e+05 3.022001084303942625e+05 1.208038050489668094e+05 1.879208055297078681e+05 6.966753465351108753e+04 2.302387835680382705e+04 5.321954075464251218e+04 1.063431667924424801e+04 1.361032366204892605e+04 2.189448043835317658e+05 8.869542511278010206e+05 1.776047245139628358e+05 3.267490667028752432e+04 2.498922770476889855e+04 7.678852449924849680e+03 2.242561473854610449e+04 1.703950705317546090e+04 1.418258219330553584e+04 1.546172370968155064e+03 6.168292360095552795e+03 1.639814100750047874e+04 1.523325941131506170e+03 -3.393963730162800516e+02 1.259095804923160813e+03 2.964171143779035447e+03 3.094304458056268686e+03 -2.803140985100317266e+03 -4.464163233935375388e+02 -1.060016859846811940e+03 4.339806196510145128e+03 -2.551742232219177620e+00 1.296338262052233767e+04 6.135094375287063713e+02 -7.074514505778493003e+02 6.572752322984334796e+02 -1.387652225361787828e+02 2.703165152641612167e+03 4.343019072634760960e+03 2.149459407031271439e+03 3.762383400617067309e+03 -2.141042920133571897e+03 1.288619311232064092e+03 -2.137222502573709789e+03 -2.417664099419925492e+02 -6.334587057949561313e+02 3.703473107206402801e+03 -1.206346835090602326e+03 -9.245457202703747726e+02 -6.247115759908225527e+02 -4.595634027203561345e+03 -1.147263209869190632e+03 1.148755388323193529e+03 1.013116139730916075e+03 -1.163732460626968077e+03 8.656764096691858867e+02 9.722797369518884736e+00 -8.361299180352681333e+02 -1.155890470157525897e+03 -1.170914082976760938e+03 -1.767491896738077980e+06 9.547976535241097445e+05 3.082544100952506997e+05 2.763856644161081058e+05 1.167023673437549296e+05 -1.243775932961035433e+05 -5.227220525389258546e+04 -9.918370774318564145e+03 2.817008158795079908e+03 7.403119236000374076e+04 3.862192967836265598e+04 1.198911079424170021e+05 2.904264188685397676e+04 4.862452199284076050e+04 2.214627860781356867e+04 2.366173626474486809e+04 7.584470239935429163e+03 -2.434333746502597933e+04 -2.382436965024043457e+04 -1.497420685729831530e+04 -1.794625143314857633e+04 -2.748370739979467544e+03 2.047995765405084603e+04 2.162662955108815731e+04 1.190850927528531793e+04 2.970457514888934020e+04 4.457244913395369622e+03 5.352659128400914597e+02 -1.606178125538964878e+03 8.790193973492036093e+03 1.601099025230613006e+04 9.310996228518702992e+03 1.463666753058217546e+04 4.948874975095236550e+03 -1.097468123141368778e+04 7.003408552958065229e+03 -1.432749345767610293e+03 1.629474251633098220e+03 4.685296052668217271e+03 -1.145594475627156726e+03 2.217983785465596043e+02 -4.269073304742054802e+02 -3.730412564738870515e+03 -6.849582242487020267e+03 -5.493875245782658567e+03 -4.024772358529789926e+03 -2.773965479577613223e+03 5.592001978354642233e+03 6.574343635367201387e+03 -3.634278351227300845e+03 8.449521284208198040e+02 -3.601733423381157081e+03 -2.645836715566762450e+03 -4.819711029261366093e+03 -4.363613597626251249e+03 -4.966722627854025632e+03 1.231140349099739069e+03 -2.882317863222326196e+03 -6.270025965348198724e+02 -2.291593825713025581e+03
2.106863682814044878e+05 -8.608964957397310354e+04 4.445952288311857847e+05 -1.872192953030171702e+04 -7.729406172723819327e+04 -3.424235742084772937e+04 2.582773972503568802e+04 8.823325364710410940e+04 -1.357066934710250098e+04 6.418173122427034832e+04 -1.405449636078948970e+03 1.776047245139628358e+05 6.701864720656527206e+05 1.548014806943216245e+05 1.342611739284375653e+04 2.677335668046799401e+04 4.389817401364288526e+04 2.420866216995549621e+04 2.571131524345987054e+04 4.927465409066376196e+03 8.956238884375354246e+03 9.981775078033942918e+03 8.093872461710212519e+03 1.212979241726693999e+03 -2.114354347714478990e+03 1.762765314211982968e+03 4.637114765330430600e+03 6.949290312668383194e+03 -2.112084030136350975e+03 1.918514685266404740e+03 -6.201692682752811834e+02 -1.336962728818004734e+03 -5.435472987135540279e+02 2.646763974325020854e+02 1.038497005835498157e+03 -2.036253081353895368e+03 1.225752912956043474e+03 5.831454299117744995e+03 -4.238261412675355473e+02 1.368118665019733498e+03 1.247825462616939603e+03 -9.796588700353638615e+02 2.783189061251624025e+03 2.552705550627780667e+03 -7.093650778383556599e+02 2.797082784688493120e+03 2.141922875476674108e+03 -9.481278470935850464e+02 1.648150642613546779e+03 2.671351671039816438e+02 -1.441752656671697878e+03 8.971761057751108126e+01 1.240046902023268331e+03 5.817913569260672375e+02 1.670591300179935615e+03 -1.155225010663971943e+03 6.567014689739787627e+02 -9.392102963183371855e+01 2.862236235574259240e+02 -6.327073974976698878e+01 3.974428864164796541e+05 4.385410490855033859e+05 -2.400466030921072525e+05 -1.428299948254176707e+05 4.955380924793941085e+04 1.408025448834758135e+05 3.809118039940000745e+04 1.077647333069865563e+05 1.337061928430612606e+05 1.699481571683687507e+05 4.317208456712568295e+04 -3.159836234382333714e+04 -1.931110430978212207e+03 3.689725001810884714e+04 1.496156851526193168e+04 -1.785435740443093528e+04 1.478429519750122563e+04 -9.660355542920346124e+03 -2.501251986066431346e+04 -1.484622780677977789e+04 1.732873195173528438e+04 -1.953203933552894159e+04 2.892543919332559017e+04 1.012594770843691913e+04 3.108817301249010256e+02 1.374055840181564781e+04 3.719938879231932333e+03 1.496710927949592133e+03 1.612035935110078299e+03 2.367084872113505116e+04 1.622835102567778995e+04 1.044374881203599398e+04 8.182272165029694406e+02 1.122641495884551887e+03 -9.195000578298244363e+03 6.414235195802819362e+03 4.738027905249073513e+01 -6.602240256796902713e+02 -2.426773502852653564e+03 -7.709608648817756148e+03 -1.198220290466604183e+03 -3.593677581790340355e+03 -6.203297884979378068e+03 -4.858249449545452990e+03 5.021729705747607113e+03 -8.112406813610092513e+02 -3.660613371506703970e+03 -2.323221337908476016e+03 -1.291653868521711047e+03 -2.865698235899766132e+03 3.520706316505403720e+03 3.783318206461879640e+02 -5.815859905418548806e+03 -1.328046864245917277e+03 -3.359100514179001493e+02 -6.078722035414125457e+02 -6.611417009884224854e+02 -5.709289268706581424e+03 -2.359512464486472254e+03 6.114766238534172089e+02
