1.42338783976539e8	4.594732850244421e7	9.517067463403752e6	2.851120815426238e6	582236.1777984549	-671104.1631760646	-16442.515415775648	214034.19315064672	-72366.24416394591	367543.78260701586	63569.39268449198	253802.70723192467	74948.46829300535	131918.93778929536	375240.8910072669	163359.03281082067	52082.50005656126	-49765.00486069575	-41995.84221475023	-53989.05936301604	26523.259617886168	68194.49167493609	91726.02162211457	6349.453331552524	5702.2331891944405	117597.34692884443	146716.46566660824	210409.82498932173	58366.18266849376	13094.403859123206	45490.21564093038	23183.553292241682	136449.5592907077	72149.99323452018	9702.23530671405	-828.4455128313896	-10002.198557034706	-9719.702916356258	15897.38113810606	17482.235253564566	27473.956768121025	3761.7683115076647	-7929.362651502188	-34588.102069270615	-51104.85939967798	-38378.88826222072	14806.817804530949	-7775.238494099608	2.8408760161189076e7	6.689079990872941e7	1.896852499956707e7	5.3110028681803625e6	263469.66097837564	-1.2923566875614394e6	-408610.26226173015	850440.6391523608	864290.9996818502	1058.368344826652	-30245.14339307586	-759219.1397093843	-258290.40573440565	47487.97009700163	-49743.902303279974	-355717.78128892893	-289653.96214760933	12030.542721276468	-74009.38329937866	119136.08902536429	337262.0101074974	346604.6878053546	49439.53144303031	-74784.7935239009	26593.513345795494	88092.64519781207	202483.01764466058	116340.34239254256	88389.0700619734	-26244.678086338234	44592.339142856166	200033.08656720852	140848.64017003743	101729.70201187747	5090.267881151516	-93699.94160941226	-76246.9913771809	9705.433354420351	44022.3718894984	-2098.260158766698	-34223.57613817316	-14245.766756037814	-100238.9983305095	-112420.53399651621	-82291.06887653275	-42032.24385868239	-36797.81170553067	-28647.331765203533
4.594732850244421e7	7.448104192248352e7	2.6048850812902357e7	5.957938780419129e6	1.9651047404126343e6	522651.3950597423	170083.68365674716	805566.5596831297	431289.5531038798	460852.7079050233	15361.088811737529	29512.62152841784	175571.15815950654	-32929.180574592734	114522.53375807195	111438.53297718435	182109.92046074008	150953.9302942427	256681.40598859004	180991.2469847885	114108.06587083408	33557.14588320468	123521.6942959545	57406.512654370585	112241.7063410677	101318.54269716247	100443.10344994513	51659.47128228307	-13908.675800705721	35720.31705566445	33186.87055463166	81589.17604255755	100493.9250496921	14573.302115101833	-12537.679225910804	-8346.48022473292	361.9689172186756	16465.395790084312	6529.9292238226435	-15424.42286867647	-5338.140004626742	-7579.575660157242	-20445.269846455987	3704.4185723967507	-4137.573335195676	-12472.394314376308	12261.530573991717	-19068.471001495684	3.283939048068101e7	1.6065750126976324e7	3.5510484977182195e7	1.2930391476897342e7	2.513733164261885e6	1.2355097248510853e6	741781.208799604	78432.3311486208	202393.41477655555	-509082.2721799692	211242.3034959347	41191.78914014699	-374299.0249132811	24680.79838068913	103149.18364504256	315537.4198271654	269043.1107205041	324392.91222750954	89308.01924208403	179548.61028976788	198390.756314366	346113.4338276539	227458.69498483208	184400.7251218633	123462.05742549969	232945.4361425708	220397.24734268215	120396.01299311945	98473.99576186716	78887.28048183167	65786.52024653138	20944.751264065606	84833.3369461049	144530.83563329358	36545.70552031872	-60435.55276433576	-40236.67806768754	-35751.85066059386	-13701.568333700625	2076.0343873842894	-80699.49342138266	-84559.67624898942	-30509.39983829972	-35894.54509235139	-14855.531148159242	9144.677217165121	-22700.971406874574	5637.221538218226
9.517067463403752e6	2.6048850812902357e7	3.879454539489922e7	1.4721243663607119e7	2.22325296972452e6	222984.5761798889	229819.66792917243	888919.8241174577	394460.1472336424	292708.9154098221	-79058.8995387687	-82456.17446293346	35697.624086811666	87837.88125267178	93685.91474337474	120873.80134800937	146770.64448984	177679.1607335816	201360.20276368642	124271.06638544957	86757.4169794972	28275.769455414873	4568.143194881248	36990.63464666293	56813.702905204336	-3432.269901021286	1027.0617338749164	-38485.82165096392	-62486.13983499473	8542.124280929449	11563.540917115744	38087.231568293486	38843.16973244779	-8518.992335048164	-2505.8051942552875	18388.607556649215	3977.8248619321275	11575.632105421008	3585.6835321850813	-14146.649485348207	-25114.154557347614	-1914.1200647823696	-14961.374922844367	5058.064389659368	7705.153855409575	6319.7053890869465	1795.1993645273678	-23949.44569170975	1.723054463452497e7	2.015084036477153e7	1.3017996686728355e7	1.6362476764845023e7	4.497916586342723e6	547296.4624230568	534402.3312802922	565652.9952973688	574641.5141464953	-142206.6971157675	467466.5734274238	256690.7400849291	-118507.74025620158	-105150.16276238071	107464.90949680915	153394.99854172295	220291.35045425576	305775.35109758563	161531.9385055226	144031.93481225212	111650.39583634192	153696.45393009574	146761.90626930594	70437.38967256345	48653.388488939556	117965.39294830472	111790.30660740746	67252.96212858366	42943.149009048924	80808.08867356565	131868.05294310144	20311.295899090077	3835.702058649483	56117.00347000371	-39521.72189927677	-96072.55770562083	-28555.574412621143	-20071.725904209252	-4975.481143144668	-8587.587101905594	-12953.819616891347	-9055.060148313816	16856.175262990786	2848.0831281769524	7322.140525790753	-25489.506420590093	-42347.965502756786	332.4842716926813
2.851120815426238e6	5.957938780419129e6	1.4721243663607119e7	2.227512787332133e7	7.088527505546138e6	1.3315052695615117e6	591788.8214527738	752443.3446639905	387189.0911846973	103799.52708208638	55959.091362702995	44978.845648204726	3529.7660099000095	165766.34591773036	157163.40708521605	156111.05466383765	112550.48984233802	133916.90057984978	123704.3251026271	65619.91605951547	35108.6923706186	46740.347922531386	31807.885347268864	56519.155994672146	46334.45652101393	13877.118316217346	25497.83566919187	-180.6874463811658	-6799.480559561263	34270.60514866267	16263.339250026718	48334.58200622095	42448.44528381856	11494.406306927807	28574.241331239464	26527.750421313947	2720.551287188574	-1342.3380853764882	2921.804933702489	14905.494320510881	8702.784885098634	-1369.967519930125	1093.0649265694003	9032.344753560821	7234.514209204756	-1033.8117628580262	1960.3312412982548	8362.514615401325	2.6017295886292392e6	7.368788969290773e6	1.2010759683791274e7	6.077055511674854e6	9.944384872843241e6	2.297538441927035e6	861500.2686716389	963894.0302203543	509684.53098064417	376359.96881057293	456935.4341630134	410113.3418818429	238773.71516824522	44102.10111457314	82656.89060690954	71901.45159307838	196157.78805546983	237819.30109583001	219543.58632274013	169171.9791475445	147278.0422401497	100382.78091940943	-8443.457474457527	-4700.279630049989	66794.69215073132	98482.43209502846	75549.22399514113	34831.69365460652	68719.83060124177	67864.94933894479	118937.24869957576	49642.357095157604	3164.5488167756257	65713.46448797053	50440.047365004844	37002.16618490972	29461.383591517664	11258.350353947404	31797.000526179352	24360.487994410658	18921.237146088046	13406.209992595463	18622.981521952086	21358.745538661755	2901.98300535847	-21038.26824076122	-32246.926129939235	-19312.78702241541
582236.1777984549	1.9651047404126343e6	2.22325296972452e6	7.088527505546138e6	1.1880193507467203e7	4.540386939916396e6	861192.8083091337	450321.4222118308	272444.66761703993	128996.30752855745	95747.97197780368	56365.333215032544	84651.2101500719	69710.0265568803	81180.64684124253	44253.74007171313	94435.82955438337	96494.17891707478	113357.44984224736	89434.07074318483	15109.880964568954	39234.880612839435	26243.84233347868	53024.84946830542	62656.64898380733	41207.79416714915	52506.820913687974	34105.08414395556	2883.57881797391	23035.088343280535	22728.142377741708	46447.52555223636	44377.78488187033	29650.392517825177	39877.91099541916	33703.78297624715	10776.691662944211	15766.058835180871	16750.40130258118	14640.610702052069	23754.277556713132	18765.49552544978	12802.926584052108	9649.535079587225	12142.662326336478	10361.24614112257	4415.914164734251	19876.36922198692	-625047.9239795709	86695.71938047359	4.465046621588748e6	6.786535234897115e6	3.2052635916578397e6	4.349940515265147e6	1.5948515809460923e6	542040.3793300185	202903.65326385395	360461.15363007446	515597.49832849455	340323.3772678177	-114429.82471297178	-10508.109819910009	2978.8803515032955	21007.690590904906	137882.14888809755	171334.25143792416	135007.69538963225	112679.71578196702	78664.05969603712	22665.654937753854	-7412.081544333915	29427.830788619827	77232.84146021513	92400.84045841439	56424.25966545744	31870.534302941658	32573.913249486108	7111.9308030792745	32530.2025441666	36014.60260576069	43242.81406423028	62633.68308922143	60590.67346814613	36864.36413146148	15609.380391992596	22709.0350241597	37840.02621530706	37048.926515439074	29861.680940735543	14261.121100079354	12383.87266388949	14641.847718878385	-1432.9528395979619	-15890.990795847198	869.2405361750017	21875.640050235925
-671104.1631760646	522651.3950597423	222984.5761798889	1.3315052695615117e6	4.540386939916396e6	7.706104417203836e6	2.8363850425905874e6	667405.203006984	287750.38043289597	50812.731532373065	34038.20430134283	74796.29283850985	59195.38585255525	100825.33035317983	107208.82141246139	88277.61699535519	78314.88566279595	72550.07682538708	102557.08106919273	87247.85646027583	28660.525783124864	38886.83311688745	29829.22712842689	44051.87437331587	27621.580479639142	24064.503030507243	37659.81150382487	16849.02446130227	3040.883544904196	9101.683518557958	24992.373143746634	34121.966199258364	19967.227359154866	23062.290553417595	17903.170903087503	9988.255801466124	6162.538730882822	20126.722728554283	23694.95900558292	23554.4488149891	21098.078084290155	13086.119424732135	16642.938251654465	14121.666721180449	14370.18771247344	9679.521952540816	-3745.346420724293	12609.241682333552	441073.4440228336	-880010.6123895956	29078.74840816688	1.2420754216768167e6	3.627519361865079e6	1.8646319073940518e6	3.5400252608640348e6	1.051649248776844e6	-118114.21183841006	113412.1571535458	144910.38218726148	80563.79171600063	119154.66523504932	127399.69377112163	79895.82664091019	31843.582667234976	140020.4056118231	91646.81539621168	93710.98373606447	54641.65121494753	-18389.402476306066	-7171.626209169392	17431.32214120329	10549.648912072184	53109.4488467092	80352.78279370596	31845.503969040357	15594.186087230284	36267.16035351823	14070.336407231105	-20302.14027984505	-3845.0792129308347	25365.68130993022	6570.9083368101465	3557.206534888192	4198.05897942161	2810.9200858880454	20664.044021032256	16115.411366879944	-4792.814433433022	-5825.9660560720495	4747.032417200652	3315.6581211459957	13486.801079701	1939.7853156240453	-6133.460268214935	-46.581186972097704	-8228.018147016815
-16442.515415775648	170083.68365674716	229819.66792917243	591788.8214527738	861192.8083091337	2.8363850425905874e6	4.738280110452702e6	1.880801558746347e6	433686.3087480326	57222.141883525226	72897.86397002224	65257.966350852636	109516.96999132445	112363.21253130057	110504.80189374906	102649.40402351375	85742.4579167945	66502.71796405323	74131.88661197932	50137.358756924725	-2228.9209105216974	42420.992981862146	35056.90859065152	27380.96986558548	16106.096071983702	20528.25417162553	17759.111199861112	4192.292364582439	1273.2723465756796	28532.552545163267	42637.35798234103	29917.086891888724	31380.804405130526	22498.800047019082	18267.866262039825	7016.3616772718515	6787.963010995507	15404.480588044695	8960.465787738874	17717.767324822948	14238.909127368692	9905.326379974393	10221.340021702874	11138.21681114964	13610.655954314085	6054.911395762346	-5828.245286499675	4287.350310701183	2.4545714830416883e6	242336.87142919985	-119351.47981342238	-985613.302639043	341194.1335716581	2.195535036489921e6	1.6057681757915618e6	2.167727563640906e6	674310.3019566936	360231.35730269004	175809.5071833111	135660.28463632538	116891.02150878696	163168.03784922184	95013.3604127199	82362.21453322606	104790.55832638704	59778.76571495332	91097.53019035603	68146.92594358094	16122.54400522415	9979.297682713084	55175.49501757135	42230.4063556183	27562.29716331301	8726.200123249397	16355.157985462762	21348.49349969028	48714.60239656198	34822.319776830234	13485.500913712876	46864.53578506702	30186.98648936795	18064.17905625702	14121.795493953165	14168.76012399152	16969.08864128777	10918.673424575985	3512.1773678194522	-4177.422415824691	3999.7573034653083	2815.2345565663213	6161.8015725253945	3826.626007376164	1015.9339374566812	-10979.72397805162	425.16031706890726	-658.40229740401
214034.19315064672	805566.5596831297	888919.8241174577	752443.3446639905	450321.4222118308	667405.203006984	1.880801558746347e6	3.1634394535310427e6	1.2298238089638888e6	254579.468839708	78704.98517228923	78835.42423569568	135035.86649835267	85334.8915389709	64602.13903498268	68610.37934866578	87521.22223174345	57454.55559821716	42698.04412265855	33608.10918845604	19146.616119340088	44562.65506181881	35576.94485461763	26106.990826647954	23346.426922907376	36157.64041378199	21447.429309625175	9464.52603815129	20115.270854522256	34789.8753268579	37355.23798713721	29202.01796097761	32938.782659208795	19004.954533314787	18219.254054811543	18548.647744174974	8743.362811049723	12808.667452367428	7787.940055436496	11488.061331761224	7676.519447673082	11177.366601117852	10912.1435830102	6705.728130576959	9486.034895348941	5128.527501380656	1857.6379069293555	4649.846115822103	2.2361566138312435e6	877350.0692792446	584138.2279460843	77913.29709069744	-20921.704210317377	434106.17727496376	1.4087660994973385e6	824685.4437574164	1.4430311719706128e6	646670.655093444	275680.626342048	197111.9399986879	99929.00799105683	164946.35275757563	98133.87833302926	68321.20654525295	97927.4116635683	85863.73969990102	28526.980692479712	5975.730507254357	11946.087638979066	17750.719580426416	29680.89523386027	57991.43999224318	21969.96979363665	-16249.095914887843	28240.570059857895	29586.737433543534	26191.776729679666	8291.609690760304	7310.54673120963	39027.92718343762	18205.169050375833	7461.356529944804	7447.838424438476	-879.7975042046163	3140.014758564263	3182.5140240740116	13511.880078396947	-6401.875661138741	-1323.1490410702222	3364.2015426389667	16446.20681261739	8222.710412920205	-5259.5304383403945	-12449.559079472343	-3302.9187466311278	10531.213355287822
-72366.24416394591	431289.5531038798	394460.1472336424	387189.0911846973	272444.66761703993	287750.38043289597	433686.3087480326	1.2298238089638888e6	2.236702874990962e6	921903.0374803597	242806.0253085283	133703.7800895557	153258.6769305572	97195.66217353595	60717.88238669592	48565.49582035056	54160.03040805476	54628.86962131839	43993.65450611547	47289.93489300035	38337.528877506484	48237.67125650961	50036.502607390874	17836.748219350124	24282.885519154894	37838.59087134611	26862.860085536024	16601.813574245298	20024.62857021851	15630.810723564555	26402.734155891456	30028.22388524036	26498.46656082712	17193.73891632478	13866.838440631942	18364.616134346972	18277.823997378047	12142.243914322527	6567.877794528542	12072.982547942911	7867.586724255835	15908.102823878586	10088.780149114957	9110.281217914908	10341.303953493523	7261.482369202895	6002.460520809799	7353.115202230713	341706.9319924182	-160446.1342804122	394894.8327820452	219075.63097460003	158638.39781422308	236966.81562763234	502687.9905967321	1.0738342948783012e6	715388.0184137637	1.1203558717806183e6	428530.4305520523	260302.5818997867	117305.26118045946	103999.84828362304	70066.61290070522	32499.355174026576	62200.422153000705	84717.18891867745	68463.0647886286	50219.15227005346	79373.33056713248	65331.94224144227	61446.9588945541	92926.58757506755	68698.14795182206	54245.50095704966	58722.53941397516	51489.78413334094	30775.773085775483	20464.943517483334	25408.896467577866	43009.592084291464	41846.16322136177	29921.250411053312	24930.949242886418	18060.079521870655	5827.5608006524535	-2480.8299689873693	1658.343501135757	-5187.7195099025475	13356.412344168903	11332.893332411264	15603.838985508546	11377.277486386613	1067.6509073546986	-416.4505816623847	6712.279009208933	17421.157867184567
367543.78260701586	460852.7079050233	292708.9154098221	103799.52708208638	128996.30752855745	50812.731532373065	57222.141883525226	254579.468839708	921903.0374803597	1.663735249737565e6	649012.6476408452	157109.5656491587	110836.8608938341	101758.36129424356	51856.81571493735	33674.062495458296	32634.296843699383	41975.78509336732	45347.255904882666	52768.27413926545	46690.827710931815	42800.38332737796	41104.3167471882	22976.079027664353	32551.689959463296	34450.68775010785	13495.690582067991	13064.007980342329	6559.203531989483	10073.973701907524	14062.367137188685	16687.517087297158	11353.605223497325	16422.19926563836	10133.392018564715	14598.509312498585	14122.689330216504	14368.762430146437	15117.02117137455	9034.526524529503	13302.084969239482	12242.01759002408	7026.441691228787	6479.902175511722	9120.425330508935	6307.356176934341	5194.022334288741	6601.740034821822	462670.5555259927	-329703.85032201	249963.63281691202	398524.22252894816	-107427.01743124044	-46792.84293986592	66253.42424942685	245829.552272899	699341.9611469901	376566.50615916034	725303.6251470785	297837.45128295716	89024.0555494708	-5772.7860458692985	-1398.3626684305361	23637.962164713284	54962.06603990693	74748.4386261636	70594.43187432112	61706.39510289493	96336.86498047091	89561.67658239751	54121.82484329276	33161.10589740856	21678.138337354347	42771.56130285215	44061.94244744852	24850.984317704395	32428.88774541491	10508.676559860352	4333.904343861607	13701.627128044855	19717.470121178136	6146.276695900014	10986.248290735743	8503.178760120707	-1370.178701784386	3204.0646901080936	724.1667226935423	13879.292382500005	13195.532627492295	4235.3020749463	5216.483124147867	12728.6945590771	6657.093694043478	1757.436156658363	-3561.6701180142754	3234.952620567448
63569.39268449198	15361.088811737529	-79058.8995387687	55959.091362702995	95747.97197780368	34038.20430134283	72897.86397002224	78704.98517228923	242806.0253085283	649012.6476408452	1.2844565708787364e6	494273.1198579651	141099.4266953999	83318.37474647064	67568.41056047135	40941.57787137044	46580.346930347274	39767.05835408668	37023.17191697978	23467.726539025818	19217.679095546642	39569.548814502166	41425.35338190472	15545.524228410693	13494.047442338951	14934.146038980933	13761.28851478274	17118.049924210423	12702.343741341678	15547.18018553636	18811.494942726968	16695.557399098285	11584.47029372326	11737.785734175577	6301.9632625779395	8633.477667304898	12064.046573556556	11163.511847208283	11114.055767119873	11020.159434749463	9649.44668463615	9463.923413937993	8780.515251383507	6582.802987098819	7758.416700621583	5955.53157534107	4791.947683715888	6167.075534723781	220830.53385794113	-1.2115097551351222e6	-642056.1281621518	-95819.2100837679	-220028.97455831768	-126401.10044910184	7455.762663084507	88562.95281592736	172372.05345855615	561067.0369610632	243043.94965603002	608465.3897814741	184547.60340368852	36237.33528424126	25853.860288429936	39853.51715400496	27609.42166192761	62869.30927936718	67367.26276497165	51865.89002347875	56037.92210989902	50727.10468795719	38546.48186195395	20185.84811905573	10861.681551369435	34800.57888231184	24739.421772818325	14646.653383775658	20538.84318451573	14775.357331191404	17440.848236674654	18282.775857810557	18001.050438066646	5513.722933726914	7721.428582948659	-957.7477980950927	5280.561611030255	8560.76444243925	2657.3378939029913	12642.629481745867	13664.983320901274	2042.216096969882	-1593.7406686595143	-68.98519980277965	423.8363073470518	-3540.1790910549453	-3311.3209848080774	-2765.0870450592806
253802.70723192467	29512.62152841784	-82456.17446293346	44978.845648204726	56365.333215032544	74796.29283850985	65257.966350852636	78835.42423569568	133703.7800895557	157109.5656491587	494273.1198579651	945268.2208816233	387377.8395866089	115907.51546054441	60534.84824430561	35613.2537064912	27312.004942007294	29093.278934053676	39818.43313791902	32000.243937564912	23301.176037074096	36496.96146210544	37108.23593625956	31080.059040783744	19118.60906419837	20254.538138552656	21830.771619822925	23084.499341576484	20941.385687137405	17836.334675516002	14830.442382241943	14551.612097562755	7610.007467637481	11541.831148975643	13042.327048115381	14240.429910118088	14527.929917531736	12762.638885423023	13040.143807540391	12260.240992135985	13404.158542436333	12072.322846303288	10298.325926828873	6810.075834958548	7382.066710573018	6553.893968740482	6417.29449332866	6113.55795707324	544208.7840676822	-23612.299947240615	-351573.9775165744	-139874.16576012893	-21347.992929264194	83090.12947772398	37285.15128294658	-36364.56677760018	9696.452081308042	198879.61332317686	369160.01196419937	196580.22166311383	413125.54663394333	117260.37144337007	-12469.01683531534	-3544.211396517723	26181.223876278556	23911.21060294221	14474.812753692499	33144.60918087253	32690.92820061176	9009.772093956091	20089.92420358773	16977.57573005314	25577.15391120777	31985.027096725014	25125.536942655603	13629.662176642247	8349.374341618468	2075.6958735287308	11497.692141517517	18106.316338626635	13988.487151523363	2218.8983862705013	10416.250645740529	6127.199110481996	9643.724569851267	11383.973588847057	3357.835319606803	6448.073227340098	11742.463601877365	8440.679729335387	1223.349069725119	3085.2982315469308	618.1225136648143	3858.3646639320364	4581.871397714158	2460.864477025748
74948.46829300535	175571.15815950654	35697.624086811666	3529.7660099000095	84651.2101500719	59195.38585255525	109516.96999132445	135035.86649835267	153258.6769305572	110836.8608938341	141099.4266953999	387377.8395866089	715169.5078237536	326116.250667807	90163.67767717424	33000.791456266066	32644.83133850362	39333.013989076564	48192.43706123625	30557.241361011886	30868.04046460422	27453.616508240357	27240.30094698655	25154.2289373025	18655.611409453544	23275.447486276156	24829.686276145567	21561.209410210387	19386.156083387592	12664.37164250847	16407.048448781043	18801.61758376062	11868.15276894903	11395.613775726491	8580.583844124512	14899.684859408628	12558.787793283633	9009.26869973829	11609.372299220018	13966.855411396878	9716.446105368079	12413.951355748817	11076.770575310284	7991.090795792775	5683.529891771164	6806.293793824859	5207.1345400987	6886.331758514504	-97499.04245059448	-398417.24344044464	-542964.7359209292	-71234.41450128063	127992.7968583266	297914.5216371406	70938.93624538864	-19008.408817193056	66644.3037263412	113149.5617494285	123793.57928296154	313275.8398008314	204101.97003149457	291042.36223245447	51218.0552623132	2030.519027779744	16749.697021136657	8231.961213900835	-13657.879509915198	16811.782514178743	18443.824952753115	17877.376321380154	21151.920867086705	20339.843235117285	25151.42273996292	27652.92027439194	35796.983106008214	28908.114854073116	10810.022861314976	10135.131956228568	11777.473031475636	16913.147571197547	13807.012172342182	5515.231469875766	10077.643966512755	5716.650805483624	10678.760122669357	9820.33139382012	2368.715191904438	3600.732446563769	13640.433318084053	9544.478082888536	5348.013653023338	7938.813695032271	7817.621414544337	2973.7857636179774	4034.8624722260633	3495.7102606057592
131918.93778929536	-32929.180574592734	87837.88125267178	165766.34591773036	69710.0265568803	100825.33035317983	112363.21253130057	85334.8915389709	97195.66217353595	101758.36129424356	83318.37474647064	115907.51546054441	326116.250667807	616928.3511752625	259401.3497306083	73130.91284849025	30654.99213245083	32636.650926703835	35430.9571735361	27590.56833125173	37471.772087210295	30238.752743568075	31053.59386920557	22896.143874791993	13323.42099488676	18788.830247835052	20115.682851762384	14893.388230100947	14248.679554612107	13692.930758079694	16119.856439480318	15358.603635624395	15008.926355053203	12631.97240387036	9515.81048530146	16395.02375962106	11428.920994191205	10606.889183957283	12881.956630231069	12309.002192825532	8096.1605793873405	12015.36029625385	9675.839081807959	10316.821659496469	7769.29382067459	8805.422716875599	4437.078865653254	6280.0836695836115	-302368.05473594967	-451879.62851865037	-400758.10942286137	-146478.60425978905	69611.57439341221	57886.067544232734	10106.04132376024	83432.75901350826	72714.95146503278	47532.393141509965	88478.51554950484	146000.82098809266	268086.3141960204	110859.48283207325	224632.53768513928	56226.016996796054	28637.23949168274	27919.71463663524	22648.895303204357	34417.38494752367	24627.372720396375	28374.003633337314	22272.102898248795	38888.36722355201	34991.1820508547	23616.598857605557	27570.36510762039	27234.555550959034	20719.594213413977	21712.927255843606	14528.27694460914	17012.133895529303	14832.8004842942	16818.36386926986	19044.46269201435	3151.499456671209	11544.913156347673	17800.289013369744	13755.394148574986	11722.107184948745	14332.86028749187	11894.868635481038	12106.49551263806	10691.1938853988	9780.232057295323	-114.85185623698852	5672.367499748693	5727.520810977703
375240.8910072669	114522.53375807195	93685.91474337474	157163.40708521605	81180.64684124253	107208.82141246139	110504.80189374906	64602.13903498268	60717.88238669592	51856.81571493735	67568.41056047135	60534.84824430561	90163.67767717424	259401.3497306083	435469.54739126726	181389.06869923946	54078.22694989043	27709.888584103664	19963.717902084267	20008.36878432044	22327.55505948113	25204.618701787367	23946.473252921533	20579.383015598287	15232.285673174536	12917.443019859476	15543.163453192741	17784.45363507285	11565.622605369543	13920.797979489798	12535.773913023444	9537.6241856738	12795.406515366434	8323.835646330768	7451.452714259824	10265.647071074845	7348.336890006703	8416.825303590233	10355.625596468348	8843.9953672438	8772.835328542926	8144.537164556732	7201.508208346057	5527.963751115389	5791.379475027288	4106.143259154983	3852.230767609617	4662.654811378874	398797.66151908913	146069.66618367168	147255.8865161604	31102.363922147862	116207.5395744682	82507.4938640829	116818.87026572532	82533.27853178438	-21184.34782854494	17918.192575906673	38274.25780910319	47981.875577351144	116393.73040120349	210931.100741012	131588.20309195993	185878.9253125189	58114.39215130193	41575.83234968957	44629.6420941995	40614.587642791856	23059.29884617636	23621.387181595812	29367.099313204602	30337.163783284985	29904.05870052023	25699.05122431355	20785.761579361635	16656.123271850403	16267.773609553411	15189.027223044575	9649.92392911319	15126.522401348007	11934.796902773	12597.657981356573	12935.979059529818	1942.562357198897	2556.4010676496096	8335.993524161428	9676.044520992036	8821.307113269335	7847.682556634509	6299.074558747131	7054.601650762377	7949.421157996836	4913.7877532601	3338.9194896308177	3566.5909546014773	6236.271935860409
163359.03281082067	111438.53297718435	120873.80134800937	156111.05466383765	44253.74007171313	88277.61699535519	102649.40402351375	68610.37934866578	48565.49582035056	33674.062495458296	40941.57787137044	35613.2537064912	33000.791456266066	73130.91284849025	181389.06869923946	344259.6552856318	149636.51796457072	42842.17287320242	23115.191555572903	16358.075024979405	17605.792955430195	21396.399063015248	14765.46941467316	16232.295588475485	16093.467951441937	14037.101724074077	13229.625586618758	13102.631417342824	11005.901002202165	10426.13209649794	12652.553373280589	8994.299431618696	9359.260179761939	9066.999873145152	9379.637050344281	8057.823260951615	6038.111173760351	6630.025245370502	8208.42569247871	7332.532597427261	6975.22386855381	9063.47325980473	8839.62792011174	5522.348579203172	5786.159396897504	5014.404435841696	4301.387907715567	4462.027114239208	-176615.81888891137	97460.10862459936	161925.0523366337	88354.34742703714	163974.45853518453	83689.89240818012	9933.09640632881	-4496.227046407639	-30992.156667837105	8906.272790644485	4924.487733252985	37611.16311186542	61116.716285034214	75698.32394721685	173947.89242561517	59548.25383620066	124328.09619262563	51476.746007909765	30655.036154171787	34880.34898071682	16168.583182063297	7770.979796142191	29169.369106822727	23304.878484254416	11070.373166489864	12845.344083183874	14993.082240773267	14062.005938418652	10604.84903771336	11783.784672182252	9661.355771895815	13463.28590611568	8866.115496016875	7741.208790964869	15366.707751054697	13375.272856266969	4007.63713948518	-834.9342302220058	-4218.311830432859	898.8945362815631	4177.204177552146	4383.221829938108	6881.4120866920375	7027.160015663927	3280.691552514357	340.1596822913727	1809.1546142713416	5844.122725657045
52082.50005656126	182109.92046074008	146770.64448984	112550.48984233802	94435.82955438337	78314.88566279595	85742.4579167945	87521.22223174345	54160.03040805476	32634.296843699383	46580.346930347274	27312.004942007294	32644.83133850362	30654.99213245083	54078.22694989043	149636.51796457072	278539.0478771886	119063.3517765399	37934.7672558808	17105.832818480063	8574.610575437175	14740.167212472228	15826.950147188076	18066.211525541396	14860.859059520693	12042.14873398621	14117.038909893121	11353.18971594744	8293.570255071743	8085.103894462546	10970.566419912559	9064.13654238911	8387.898160482338	7078.786918557452	6817.161307271783	6250.315827364774	4639.370567343205	4622.475249964211	5654.741229957092	5533.784293801001	5551.71255532535	5482.729278532152	5660.54956224239	2669.728938547405	2678.1348781689326	4717.158646978855	2663.6184439824297	1640.1945691978221	331561.8707785842	4545.537695237677	143997.05711220956	271757.5143415713	233269.2539109525	96841.97918432442	68365.47616549724	1287.4469935744773	10607.982068549261	35026.32102649569	29106.878542976374	64336.96086694967	40345.79532559858	40081.43922872922	59841.050835407885	111965.88832547149	54338.175650869176	101192.9279695037	38854.93861223	24235.163920398223	6355.702241605675	12905.283928304978	32525.217003528844	22947.141988927797	4662.7388816642315	4607.0778848126065	14902.511443439455	17060.922712014555	14909.14559123991	14288.928455785834	7866.434134582334	8238.399594524382	4951.198252314365	8671.280994684941	13464.967155229493	9293.484611539732	2574.4136763408674	-813.2684060867349	-2813.4105298743734	4168.432800803209	7635.104138482806	10354.719536568935	5722.114901524192	4207.2572387486725	3071.3380381031966	727.9575217000765	3524.331550639594	3999.402078032344
-49765.00486069575	150953.9302942427	177679.1607335816	133916.90057984978	96494.17891707478	72550.07682538708	66502.71796405323	57454.55559821716	54628.86962131839	41975.78509336732	39767.05835408668	29093.278934053676	39333.013989076564	32636.650926703835	27709.888584103664	42842.17287320242	119063.3517765399	218584.9556364662	96141.57417310141	24341.964827145577	15552.922349851722	21430.23201758907	18033.81297696756	14724.457782850071	9546.946202796309	7843.319413416062	12782.083173605088	13505.717628327791	9981.437613486876	11964.21279331605	11662.08301224183	11699.515262724897	9946.316323286319	7502.442082887107	7332.75667096522	8720.224463370801	5675.660697029946	4553.272402090419	5811.582186582826	6851.722596502939	5898.235025363442	5388.52543080718	4794.720225430887	4087.7969910756947	3600.500974520865	4959.568481812423	3712.84144598995	2670.0671678530634	364912.18115234294	76337.36424148729	144780.70388212812	194602.10700331378	78935.06366444101	-66298.03099954645	-37599.63503610019	14915.985663425847	70193.53873444762	70910.93635025364	12892.754570967036	45300.85839655953	36995.66428460401	27322.835262410466	24366.860177261104	57748.620575750174	104948.40427158518	37999.471388986516	79127.15159434851	31918.067517608895	17556.672225731654	12379.454168324639	16372.028521322009	17772.365880499292	9261.302592389871	8020.455550843503	13209.765470089493	13814.432185654894	14482.336760320246	7539.6684127512635	7461.190566081246	7569.121697808117	4893.514319025852	3793.620506288121	12516.393308876115	11614.04278386708	7222.780812540857	4492.496254764429	4584.780584494406	4998.501684633513	3352.711860604171	5671.131341111609	4302.314182541954	3175.1916457303123	1937.4981123727173	2821.835308359055	6212.232180899664	3994.2476862552626
-41995.84221475023	256681.40598859004	201360.20276368642	123704.3251026271	113357.44984224736	102557.08106919273	74131.88661197932	42698.04412265855	43993.65450611547	45347.255904882666	37023.17191697978	39818.43313791902	48192.43706123625	35430.9571735361	19963.717902084267	23115.191555572903	37934.7672558808	96141.57417310141	181482.07308330198	75604.16758352316	21698.724893627714	19721.1654394603	19148.157044371826	12570.91117733743	8169.799914611609	9472.150951707627	9926.318994304978	10186.688086091848	6433.441918288861	7950.424209153255	7683.975126213899	12552.782962670743	10358.810754158858	7895.651786378503	9835.633096469779	10306.36160735628	4562.089468799604	4972.665137331774	5712.690648338981	7644.323971123177	6281.966865193836	5715.717449916709	4206.627191127635	3966.794105921735	4078.254911602957	6265.40265071241	5594.491235025717	4555.8775259972235	520789.77114994184	139817.92282458892	140243.79573240134	149667.69278666182	144645.99982917143	126291.26957952879	40337.45760938503	-4221.707886853752	22051.176256949944	90970.93020037924	43605.281548632476	51660.65316248791	50541.939846434296	21322.99375846424	30404.022525033826	29267.977035286993	44980.29216985456	79658.57969481328	27826.59576090511	70476.09358527092	39040.00678904269	13573.824154974325	9874.551358586765	14217.421583567795	7401.975433258346	10482.464521412103	15910.292469409951	13694.403417097687	13772.306168457453	3852.7291636729583	4646.668849148492	6871.500639982659	5575.930800660768	6506.606211089934	10847.604700983647	4889.5824147260955	6550.6113190818605	2920.4601010785805	4257.715085234442	5203.527617027159	5227.144680588057	3451.4332460165624	5836.448586119206	3862.3174059274065	2898.6828503444467	1930.3149318219885	5624.641224949039	6631.483555702401
-53989.05936301604	180991.2469847885	124271.06638544957	65619.91605951547	89434.07074318483	87247.85646027583	50137.358756924725	33608.10918845604	47289.93489300035	52768.27413926545	23467.726539025818	32000.243937564912	30557.241361011886	27590.56833125173	20008.36878432044	16358.075024979405	17105.832818480063	24341.964827145577	75604.16758352316	145768.52441337335	69086.38710975174	27025.340935574997	13104.111173089166	12729.465479899136	13252.03033859334	11851.153727683164	11024.15541853478	8780.29436452138	7155.609462721261	8041.830181704552	6302.880238386457	10670.627568610786	10956.722619773942	7611.380319857374	6900.074223080368	6794.272071568395	4920.559561068788	5395.966370287017	5486.493655533213	6196.2027579568085	4427.900576928984	5777.434229388206	4546.869250818663	4365.709980849218	4027.1574043018804	4940.924166707615	4988.85697046173	3574.8879093211353	295820.8631578805	1396.252382397365	39495.45091944051	43325.92644584564	13768.962867993812	81412.22212359714	84131.57573980608	52547.35280115228	34731.91482967828	51898.20059537423	75934.67879249541	65222.223463816896	55939.126575042435	25010.03355684293	18082.133427131335	16336.642837329626	12885.87462646032	25902.967395155967	47280.030671364824	21644.7246747119	62122.11402458175	24733.523071819116	15718.506546119217	14665.245743014555	7438.147063777132	8302.035282323644	9236.9464995016	6961.156453732836	6545.380917385062	1609.834068903953	5717.728708870416	6827.619882966309	7288.747049779518	7061.456812577274	5079.813248893314	2241.458083023061	5804.077780863966	5023.906283644159	7235.390367025625	7658.968448299635	7675.233700204426	4200.453503129569	6791.087811326083	6272.589793575503	5678.168862664299	3176.188064499041	2624.083368851997	5667.482641085974
26523.259617886168	114108.06587083408	86757.4169794972	35108.6923706186	15109.880964568954	28660.525783124864	-2228.9209105216974	19146.616119340088	38337.528877506484	46690.827710931815	19217.679095546642	23301.176037074096	30868.04046460422	37471.772087210295	22327.55505948113	17605.792955430195	8574.610575437175	15552.922349851722	21698.724893627714	69086.38710975174	136424.41744892517	62786.57277475895	19990.528796318747	14574.256027885684	10507.006619571865	9592.519677245866	9123.613241731908	10164.982441319904	9683.731907519928	8507.973577502902	7180.284680103987	9768.61288169521	10530.586517469825	8089.80784983931	6778.128684649976	4414.272924631037	3070.1259035249764	5742.358919830262	5658.164896389439	5437.060855114271	3314.879532063872	4709.044318968117	4375.092592379856	3926.475199195371	4891.237883332018	3959.9147289788675	2497.798283253694	2239.3547213810407	131765.67332520732	122317.81665616872	180585.44297683286	36939.17429442459	-2487.35024497254	-4151.891030978239	27455.69362528259	8899.08680077254	24941.00525168692	31323.03649996613	60473.27837724799	40126.863164825314	37486.43737802514	25946.49951970681	18628.688147557736	19244.372392844296	18320.381463075686	-3741.020007120278	11277.629497880369	38201.157294755474	17701.41828382093	53356.584481266415	27811.44963798365	16550.424998559607	8427.573382164634	4656.522401038977	6075.262676294724	5855.044823498275	5780.103087319582	8438.508629396187	12499.62184369499	8786.293120475857	6996.65223104872	5397.575110842427	2775.6244158908758	3136.5353901499843	5793.208565512472	4360.731546732306	6588.01679406896	5711.664197837381	5346.942695117551	4274.701415702839	5541.832029024282	5251.648047562565	3956.613191266557	3785.2655034568897	3686.4242431546554	3824.2428839378217
68194.49167493609	33557.14588320468	28275.769455414873	46740.347922531386	39234.880612839435	38886.83311688745	42420.992981862146	44562.65506181881	48237.67125650961	42800.38332737796	39569.548814502166	36496.96146210544	27453.616508240357	30238.752743568075	25204.618701787367	21396.399063015248	14740.167212472228	21430.23201758907	19721.1654394603	27025.340935574997	62786.57277475895	116192.63819459251	52800.80284181841	19913.440383635927	13297.1521880844	13871.012605281257	12349.275890015051	10223.233630620112	9980.283496021686	9869.993025519432	7206.850115977408	7209.250012552174	8954.843323599722	7430.126749008658	5052.200311276311	3770.8506088213544	3931.3590794417114	4993.6501783893855	5374.6932131885505	4387.913442508043	4225.021427505855	5302.417472820843	4230.70868069698	3497.457355263852	5090.6342529747835	3736.175835128155	2689.731761615703	2532.2663267980242	347493.72741270356	269253.0105007816	162596.48878085797	28647.66560358854	9865.340925280067	54298.56528445445	67419.74991980717	62141.32073577579	30619.881985966436	40879.29541901051	66956.5210056542	42010.94675463935	42111.6969303504	35751.59206099726	31662.651535451067	13114.469302982418	6886.93901610348	-4066.14763335898	4326.388021008975	4673.63396813815	38006.238939195195	19110.47741387648	54880.66400718864	26937.20923442192	11220.26154214771	3321.709237175163	2253.7647262933638	922.8460825679952	-442.53939762672525	1889.7215192700603	6083.8492520720365	9219.335620703701	7133.189754154983	4294.853704694604	3883.905818341134	4110.9336119921445	4810.405117441855	6944.422641753146	4592.372864422068	3177.62622150257	3365.5351976193792	3280.1373972366596	4661.797738943364	4810.149319313814	3004.8305927735305	3774.076694040319	3608.5830392333046	3569.098226939341
