1.543863694474968672e+09 2.714060250816213489e+08 3.970794059509670734e+07 1.492913861346426979e+07 9.319610374560471624e+06 1.487426411793141160e+05 -3.150613892041788902e+06 -7.352227545875383075e+05 -1.508252253177360632e+06 -2.846301178808779921e+06 -2.716382031073294274e+04 1.743702399893902475e+06 9.440381188509583008e+05 -7.541720978730892530e+05 1.811984979785688847e+04 1.428618203900547698e+06 4.847048867250677431e+05 1.412957097069285519e+05 -3.855153279902671347e+05 5.900592539466929156e+05 -6.266879618332351092e+05 -6.672608548287753947e+05 -5.679862742053285183e+04 1.283989005672964122e+05 -2.611694099209781562e+05 7.384533809770486187e+03 2.500762703883152572e+05 -8.601253797499407083e+05 -4.641369237928584917e+05 -4.561597787482806016e+05 -3.592287771689054207e+05 -4.418261155757620581e+05 1.956454836078384251e+05 1.175499218825323042e+05 -1.394100260444193555e+05 -1.645316997486599721e+05 -1.029032738503693399e+05 6.088075821547049418e+04 -1.952480355330207094e+05 -2.514026773882695707e+05 -1.930478423761010345e+05 -1.455413703678681632e+05 -1.760262602887658577e+05 -1.480984823636859073e+05 5.661366554594652371e+03 -3.635124659785660697e+03 -1.229281821692916128e+05 -2.380396278492587735e+05 -3.192407029339055880e+05 -1.520677994066420069e+05 9.075566366234958696e+04 1.111778774597080337e+05 -6.943923839896240679e+04 -2.789004000849138829e+05 -1.952502443394798611e+05 -1.546689665305606613e+05 -1.543648592707303469e+05 -9.943961537059732655e+04 -7.870652657656844531e+04 -2.069050383180111530e+05 -2.412147116016082287e+09 2.949515889381722808e+08 -6.733123738965634257e+05 -2.883592190220369026e+07 -1.992714190903183818e+07 4.625646387963834219e+06 1.517215926542703062e+07 5.357202364348789677e+06 -4.128883562293171999e+05 4.203240898185031489e+06 4.830615210869421251e+06 3.214629600544720888e+06 2.471824698776496225e+05 1.879817365652418928e+06 -7.528302728293832624e+05 1.323940934581239475e+06 1.128103288241732633e+06 -9.746544523543827236e+05 1.079662940921817673e+06 -2.370388963024300174e+05 -1.474390098667189246e+06 -1.376094849984547123e+06 -1.114654844627936371e+06 2.277827272134271334e+05 4.232195252700143028e+05 2.423428046938609041e+05 4.499937840138633037e+05 2.254322873757840716e+05 -8.499109648736122763e+05 -1.252716814127184218e+06 -7.629098345967908390e+05 7.164900633934199868e+04 -2.815549411838044180e+05 -5.787519341000673739e+04 2.506393181095347682e+05 -3.020049753583920537e+05 -8.174915944105139351e+04 -8.716241787402485497e+05 -1.576014895987840428e+05 1.420016182016609491e+04 3.806338320656836731e+05 -3.293066922215622035e+05 -5.399697715234906645e+05 -2.906148427317072637e+05 -3.643387137954026111e+05 -2.490237209864142351e+05 -1.768434563364492788e+05 -4.215360015796228545e+05 -7.705022172687549755e+02 2.484207752412537811e+05 4.542508690738986479e+04 -1.104277653599046607e+05 -2.720686304236435681e+05 -2.284844176094658033e+05 -4.451781676966887899e+05 -1.880840186535669200e+05 2.526325441507712821e+05 2.485838981939548685e+05 5.309439967371380772e+04 -9.427576814821432345e+04
2.714060250816213489e+08 2.811593865128704309e+08 5.975759503173279017e+07 7.493104768049291335e+06 2.724242917972622439e+06 3.327443677835651673e+06 -7.726918471498244908e+05 -8.357861516207886161e+05 8.645201218349645205e+04 -5.683673771822626004e+05 -6.095379925041878596e+05 -6.610958851672417950e+05 2.028817347774915979e+05 -3.775437472568715020e+04 -6.380760924861624371e+05 -2.866316962295261328e+05 1.864664871968365915e+05 -4.508862129469758365e+05 -2.366976562992452527e+05 -2.510115135409990398e+04 -2.106976642631210561e+05 -2.285509325460134423e+05 -1.550612935142857023e+05 1.748429975220715860e+05 5.450307015721153584e+04 -6.946955193336652883e+04 -7.028799599715114164e+04 -1.904095709083559341e+05 -1.271337836497664248e+05 -5.563168554839444550e+04 -1.588006266775151307e+05 -1.668828669409299036e+05 1.430263548968496252e+04 -1.100484337994816087e+04 1.750660346663626260e+05 1.808031662655912805e+05 1.474879316650827823e+05 -2.431612450860884201e+04 -1.296150201089807233e+05 -1.433401381363566325e+05 -2.860624843637206868e+04 3.938759759970703453e+04 -6.066636764567774662e+04 -8.149649452495707010e+03 -1.881605915196223941e+04 -2.481029192400725879e+04 -6.071990019510890124e+04 -7.338768661813209474e+04 1.832832000111626985e+04 -8.149474623112697736e+04 1.535580527377570615e+04 9.538830253894266207e+03 -4.941519024212093063e+04 -6.137458633808659215e+04 -9.292798967739885848e+04 -4.223871491535232781e+04 -2.970106920819411243e+04 -6.204607461050626443e+04 -9.047704067117515660e+04 -3.818151569747094618e+04 -4.092643394366158247e+08 -1.140364594738111831e+07 4.630059572407632321e+07 1.146807659011775255e+07 -1.615537575075578410e+06 -1.114512813386494527e+06 -1.046178741453099297e+06 3.590758312358176336e+06 7.399176472338284366e+05 4.688524062927386840e+05 2.217493408139337262e+05 1.941302814207256073e+06 7.522346111634024419e+05 -7.279388266031828243e+05 -3.865644756934709585e+04 1.013281182958929683e+06 -2.206736220163687249e+05 6.223997101044498850e+05 2.310405308042825782e+05 1.616522480132855708e+05 -3.927959875891920092e+04 -7.758895842783109983e+05 -7.644765466627118876e+05 -3.633660380308440654e+05 -6.181064441547596361e+05 -2.069267009690714767e+05 3.891028151704514312e+04 -2.980916456643273123e+05 -5.532556784093863098e+05 -6.137138247638450703e+05 -1.300104840431940829e+05 -1.322173859266575600e+05 -7.315579545798612526e+04 1.651870663337219448e+05 3.151757580638040672e+05 7.213902939547561982e+04 -8.994404698776487203e+04 -4.637138192406398593e+05 -3.195260450165207149e+05 -2.873654488376215450e+05 -5.305538124311266984e+03 -9.903382702594004513e+04 -2.331080719846526918e+05 -1.541217807861642505e+05 -2.323048377127308340e+05 -9.117863648157104035e+04 -1.355199117567562462e+04 -1.032961936586471420e+05 -1.012579019665745436e+05 3.250576190609397236e+04 1.156952398906798408e+04 -1.236189763169357466e+05 -1.503466734233892639e+05 -1.352321895837521297e+05 -1.838168634912791022e+05 -2.063994907064111321e+05 2.596819051691018103e+04 1.896958957111002819e+05 3.599695655434107903e+04 -4.024911877096891112e+04
3.970794059509670734e+07 5.975759503173279017e+07 1.008647761375264227e+08 2.520812146926935017e+07 2.085226857924839016e+06 1.648110868221799377e+06 -4.004035736665613513e+04 -1.322755968307645759e+06 -6.077485572164742043e+05 -2.067626772468058043e+05 1.539964152308923658e+05 7.004752165089963819e+04 2.107586612741490535e+05 2.523649289410753991e+05 1.025818185006453714e+05 -2.014513075947496691e+05 2.488841060287039727e+05 1.359553997286464728e+05 4.747077738274306466e+04 3.361180987695103249e+04 -1.711796364588636206e+05 -1.493850532501539856e+05 -1.274003100537914434e+05 7.651477635541597920e+03 2.219334312633277295e+04 5.654019319550701766e+04 2.071499352959881435e+04 2.524591786155007503e+04 1.035592850799396256e+05 3.786301985774230707e+04 -7.192697645448049116e+03 -2.083656456627969237e+04 4.855317983840044326e+04 2.951473861156358544e+04 5.212959659315327735e+04 3.999228331756906846e+04 7.699857991621849578e+03 -4.841599806538013218e+04 -5.716046478152398049e+04 -1.112794600616305543e+05 2.688468635382370121e+04 5.225572584743662446e+04 -2.234633280124402518e+04 4.016822866130552575e+04 -6.086676522854423638e+03 -3.947845935463433125e+04 -4.656513266106491938e+04 -7.140414114012809296e+04 1.129767150776009885e+03 -1.736943562144512907e+04 -1.415169758121348241e+04 -2.684265440617059721e+04 8.862751669639530519e+03 2.312475318014510776e+04 -4.287534280883588508e+04 -4.125161259818936378e+04 1.910700097751073827e+03 3.067615382578947447e+03 -4.004587509340397082e+04 -9.602272975600810241e+03 -6.459074665569198877e+07 -1.959155204679707810e+07 -4.436995812914463133e+07 2.013307429896704480e+07 1.454416663314972073e+06 -9.063139571259482182e+04 -1.837605216765841469e+05 -8.751485102706761099e+05 -1.092599798401785083e+06 6.662474172162976174e+04 1.045393745949885109e+06 1.533243711032456486e+06 -1.375092472318724613e+05 -9.681842523136152886e+05 -7.193421520910311665e+04 6.210343835200152826e+05 2.322131186660341627e+05 1.485870290335009304e+04 -2.413575443725427613e+05 3.462110229036629898e+05 -1.676715069094628780e+04 1.425221694286197308e+05 -5.001133361325396254e+04 1.726674959718876198e+04 1.064445261296012031e+05 -1.381827480506812863e+05 -1.075264007220430940e+05 -6.898883740074594971e+04 -1.088007425944765273e+05 -2.677672220276727458e+05 5.890757631266034150e+04 -5.689214222447028442e+04 -6.393043023795662157e+04 -3.551226429313557310e+04 -7.305586275248562742e+04 -6.865835767009339179e+04 -1.248196985502741300e+05 -1.852057847027504467e+05 -2.630688949883300811e+05 -1.165121446081586473e+05 1.535445459905379357e+04 -7.726463115396951616e+04 -4.276144516674875194e+04 -1.170990512477113043e+04 -8.303849778468733712e+04 -1.100086371624554158e+05 -3.323269813911997335e+04 -7.374546705943824782e+04 -1.332166106980363256e+05 -4.303566517891477997e+04 1.936641549768285040e+04 -4.803381209226595820e+04 -1.169580261557129852e+05 -5.038590303286319977e+04 -4.717398363037146919e+04 -4.233489376052268926e+04 4.667752624475801895e+03 1.725305298254449008e+04 -7.641490308038824878e+04 -1.196825680253820028e+05
1.492913861346426979e+07 7.493104768049291335e+06 2.520812146926935017e+07 5.532488752050222456e+07 1.589199046911624074e+07 3.402687132465581875e+06 1.386104798927433323e+06 9.834969055640848819e+04 1.359850213860754739e+05 3.396978340097011533e+05 2.115035193319865793e+05 2.877865217179096071e+05 -6.812117634567435016e+04 -4.794227302837879688e+04 -3.534739486936734174e+05 -5.707651002325400441e+03 4.720074315693402605e+04 9.755646807095314443e+01 -1.479338716372587078e+05 -6.137694389757471799e+04 1.638731212067377346e+05 1.662417364127552137e+05 7.311985752591260825e+04 -3.041881329496829130e+04 1.077709571227536071e+04 1.573374244662695128e+04 6.696956455171099515e+04 3.411994190083674039e+04 6.012736498713454057e+04 2.025215258679072576e+03 4.430547672550280367e+03 1.355642033322790667e+04 1.094609410377209679e+04 -2.282507829542959371e+03 1.976526898821750365e+03 -7.705727911618437793e+04 -2.592869481810085927e+04 -4.635041372772868635e+04 1.572581113706393808e+04 -3.144707091409539862e+04 6.497832686105803987e+03 -4.374348389077556203e+04 1.092981611779325249e+04 1.384963800795801717e+03 -2.420845694448267750e+04 7.151427639952496975e+03 3.032561595549443609e+03 -1.206751125188718652e+04 -2.152526313998872865e+04 4.764384362326227347e+03 -1.210139243729199552e+04 3.162931793028481025e+03 -1.389914948127195385e+04 -3.688505865392433407e+03 -2.007837240137129629e+04 8.138915349147760935e+03 -2.619057505232686253e+03 -1.798919712347519817e+04 -2.932395434462216872e+04 -4.359916666786327551e+04 -2.367921501121107861e+07 1.758476486746022850e+07 -6.531043426786217839e+06 -1.395773710935739428e+07 7.796589473833483644e+06 6.020185159028482623e+06 -8.700722277165820124e+05 1.034597133850793820e+06 -2.147687061552226660e+05 -9.699997148773291847e+05 1.790962622249464621e+05 -5.216756851789106149e+05 -6.241641872463010950e+05 -7.263126008289112942e+05 -1.984919560762481997e+05 4.999848592818348698e+04 2.610563130502454296e+05 2.933508336518718279e+05 2.204747241211986693e+05 -2.241555432345979352e+04 -1.807846813437223318e+05 -1.654822884808334129e+04 2.237741489051940152e+05 7.920445462018084072e+04 -1.075580538950569753e+05 -2.843150456148320882e+04 1.768096101306163473e+04 8.960837995505284198e+03 -6.833775598290303606e+04 -2.130059100718308182e+05 -5.436704484003287507e+04 6.797275472569739577e+03 -1.637850879664537388e+04 -1.087904283112143276e+04 -9.924189554973166378e+04 1.613502384123022057e+04 -1.985908307983514387e+05 -1.048633299034292431e+05 -1.555091680472168082e+05 -4.447564782844968431e+04 -7.989602902744141829e+03 -6.614766974082737579e+04 -1.437721956154772197e+05 -1.193584083846219582e+05 -2.138897788103722269e+04 -1.172420573578025796e+05 -4.310799112080851046e+04 -5.087760765010705654e+04 -1.353900890993519279e+05 -4.493322883796825772e+04 -5.750594616584946380e+03 -3.837323544432220388e+03 5.885737706035960400e+03 -1.340397443051328082e+04 -6.829895112097404308e+03 -4.337784193886064168e+04 -3.362544639370487130e+04 -5.798375338674358500e+04 -3.398832306858274387e+04 -5.456244001539588680e+03
9.319610374560471624e+06 2.724242917972622439e+06 2.085226857924839016e+06 1.589199046911624074e+07 3.023820959216470271e+07 9.085054534675255418e+06 6.506749074348997092e+05 -4.878500440816365881e+05 -3.023406049429789418e+05 -4.495240068148284627e+04 9.098270473733247491e+04 5.427568234222219326e+04 -3.483590407231377321e+05 -5.865042680391776230e+04 4.813060676493134088e+04 1.235699564176203276e+05 1.305407057062026070e+04 -6.693164722553228785e+04 -6.918197886697320791e+04 9.883193344735525898e+04 1.556816362178410345e+05 3.691000496159473551e+04 1.615858583255603480e+04 4.916321836375453131e+04 -8.891967508475405339e+04 -9.120375565195166564e+04 5.812233373107608713e+03 2.586074003170419473e+03 -4.215795302844929392e+04 -3.899539845620979031e+04 -6.055694425626529846e+04 -9.576921166158288543e+03 -1.027882562844005770e+04 2.928084937326202635e+04 3.425810264944005758e+04 -9.037968962997765630e+04 -5.021161723152502236e+04 -1.683089677202449093e+04 9.440696912840763616e+03 -6.566242901999226888e+03 -1.453983640846460185e+04 -3.880525301775021217e+04 -8.573397713442858731e+03 -2.544285304486558016e+04 -1.485418301298348297e+03 1.132393495886973687e+04 2.917442875971815965e+02 -2.810033479630335205e+04 -1.585005707882132265e+04 -2.802353949391171773e+04 -1.048646065163058120e+04 -1.624516492583567015e+04 -3.431851987895013735e+04 -3.288201188670230476e+04 -3.170828812225149159e+04 -2.719894238628399762e+03 -8.628532926408392086e+03 -4.556217584008858466e+03 8.362009405668043200e+02 -3.074311297250260395e+04 -1.217227452120416239e+07 9.946478714367754757e+06 6.626524423268157057e+06 -6.236159853170878487e+05 -1.073705678814223036e+07 2.200705873840960674e+06 8.416717397264738102e+05 5.552286730744215893e+05 -5.939666842085922690e+04 -3.845406876393824932e+05 -2.878547634747899720e+05 -6.087274665423965780e+05 -2.519715261811710079e+05 5.918398208525525406e+05 5.845295927068202291e+05 1.485583688899728295e+05 3.185713346536933095e+05 8.689377534955265583e+04 2.595255919023725437e+05 5.054226782578824350e+04 1.557717004883673217e+05 5.006892537063617056e+04 4.672620128499026760e+04 2.796538513919935576e+04 -1.169097854387536208e+05 -4.135705696433622506e+04 5.108398749491688250e+03 -7.288977591144772305e+04 -1.303451267394903844e+05 -1.301249554688514763e+04 -5.532807195867307746e+04 -8.447968041680844181e+03 2.025553198438537947e+04 6.454998069744867098e+04 -1.566705224068445968e+05 -4.484987727142486256e+04 -1.169574697428941145e+05 -1.081835611613123328e+05 -1.402588823922331794e+05 -1.038731295573025709e+05 -1.009546286094732350e+05 -5.888397520989391342e+04 -6.358873006564081879e+04 -9.468209340244557825e+04 -5.743841333295618097e+04 -1.006678897502845502e+05 -3.813699047595611773e+04 -4.142279001297949435e+04 -1.045206883065919683e+05 -3.041949872758161655e+04 -6.184118758453436158e+02 9.931167144429067775e+03 2.652569430071891111e+04 -3.128904083182286922e+04 -3.230587500726586222e+04 -7.506849572532044840e+04 -3.743786696877949726e+04 -1.895606986015362963e+03 7.248267252034210287e+03 3.157116308848595872e+04
1.487426411793141160e+05 3.327443677835651673e+06 1.648110868221799377e+06 3.402687132465581875e+06 9.085054534675255418e+06 1.531226189047580771e+07 3.998877892965871841e+06 3.272778867437682347e+05 1.190965066695253045e+05 1.923566515333066345e+05 -1.308938596283056395e+05 -9.166018890288070543e+04 -9.710126403802604182e+04 -6.762901251774794946e+04 -1.515133759380121483e+05 -1.357961183991598045e+04 -2.028529524277814562e+04 5.864645134485182643e+04 3.545243978137464001e+04 1.307822931887900922e+05 1.148996142677246244e+05 3.929173329983365420e+03 -3.925323031574667402e+04 3.934912110166173534e+03 -8.443210538574585371e+03 1.277652909181221366e+04 1.578697304069188249e+04 1.677388932202717569e+03 -4.093463369427044381e+04 -4.041894588116787054e+04 -2.647220343903921457e+04 6.226803247145939167e+03 -1.731776996456276538e+04 1.471775925314191954e+04 2.227527314600974569e+04 -1.947251886228914009e+04 9.421874834125716006e+03 -1.160962582468838627e+04 -1.881948720544086609e+04 -2.706827549259479201e+04 -1.336614114866877753e+04 -1.576143624906867990e+04 -1.757568628558386308e+03 -2.625843077332849498e+04 -1.117478648424374660e+04 8.125097707511119552e+03 2.712462438165633557e+03 -2.894515503932393403e+04 5.493911907141596203e+03 -3.255501230649392141e+02 9.357154802259185089e+03 -2.114809937573878869e+03 -5.631474992600830774e+03 -2.118409509266077293e+04 -1.146635699631192256e+04 6.405326516000990523e+03 -6.892080604097054675e+03 2.013319238158016788e+03 2.592682191344638341e+03 -9.018060088729029303e+03 1.610621384024908068e+06 -1.100380900017060107e+06 -1.628226578069302021e+06 6.177164172877767851e+04 -2.236346322180371732e+06 -4.380819721271374263e+06 3.196728011583566666e+06 1.253328253596560098e+06 -6.648447814309413661e+04 1.593618692442058527e+05 1.619013927042571595e+05 1.525263191182023147e+05 2.620332647614904563e+05 5.054541633158514742e+05 1.818969076228658378e+05 7.054352227259287611e+04 8.037661441220070628e+03 1.013082437943146033e+04 1.834174783523422375e+05 -6.453574871500334120e+04 -5.408411945204883523e+03 -1.893355561408413923e+05 -1.065359098119309783e+05 6.262286274073099776e+03 -2.907475772115659129e+04 -4.143550990312433714e+04 -3.331203811595057778e+04 -6.878328779851405125e+04 -5.110881363091240200e+04 -3.588318869063189777e+04 -7.359148682781080424e+04 -8.206437371683870151e+04 4.947773282217115775e+04 7.011392317059155903e+04 -4.456591941654625771e+03 2.346649769595589169e+04 -3.600083508488519146e+04 -2.979409281150374227e+04 -6.057647189756096486e+04 -6.770012456407389254e+04 -7.508257825823024905e+04 -4.060286461531429813e+04 -1.980442985015610248e+04 -4.060780856932852475e+04 -1.271429412100724221e+04 2.275626638944399019e+04 1.032024132214132624e+04 1.022003150317481595e+04 -9.785810390952009766e+04 -1.833728190739226557e+04 -2.448147179501011487e+04 -3.072623634876805590e+04 -2.453808868655035621e+04 -2.657077177531007692e+04 7.490455866266640896e+02 -2.626922660049710612e+04 -2.357789913463356424e+04 -8.892189882818300248e+03 -1.533331211646954944e+04 -9.419831462033742355e+03
-3.150613892041788902e+06 -7.726918471498244908e+05 -4.004035736665613513e+04 1.386104798927433323e+06 6.506749074348997092e+05 3.998877892965871841e+06 9.465890426817057654e+06 2.962468101390138734e+06 5.998735180735342437e+05 2.487943367097258742e+05 3.078477144535320986e+04 -2.406373105282619508e+04 -5.620351665193934423e+02 -7.828522011894648313e+04 -2.546052460277878708e+04 3.194611211221222675e+03 -4.800114855979230924e+04 -7.182725794832932479e+03 1.512910701408813657e+04 3.757661254090760485e+04 8.026369707035683678e+04 3.911150238200122840e+04 -6.739278685548287467e+04 -2.893346043979853494e+04 2.373115181052830394e+03 1.373906480911975632e+04 2.872391677507864733e+04 4.522176890519168228e+04 1.873599905571209092e+04 1.137681617145101336e+04 5.350104025570706654e+03 -1.457257733280974207e+04 1.159715957827364946e+04 2.130022103450440409e+04 4.351326263617323093e+03 -2.116018426034051299e+04 1.975478914554931180e+04 1.890172505032587287e+04 1.006973041153478698e+04 -7.791763377006273913e+03 -1.073688634768044267e+03 2.945231842206948386e+03 5.968120851543939352e+03 1.249300868860545233e+04 -8.227366663085898608e+02 7.934027615754024737e+03 8.333553489823487325e+03 -9.090025122933562670e+03 -1.649690686839443515e+04 -1.438722001998003407e+03 -1.188851389093510988e+03 -4.256012132673627661e+02 -8.628618708326564956e+03 -2.277103685995111300e+04 -1.167399116546305959e+04 -3.939270564693932101e+03 -1.845133582498307533e+03 1.437977207559274575e+03 2.818662982466431913e+03 2.214072761294366501e+03 3.548645389401293360e+06 -4.426303600073421374e+06 -8.577419613783621462e+05 -2.914093388590342365e+06 8.788322959226520034e+05 4.990262558112654369e+05 -1.959149111154524609e+06 1.064314507916196249e+06 6.703620039652974810e+05 6.354062466367251182e+04 6.797944454685773235e+04 -5.382271714340114704e+04 1.562847228587452264e+05 9.217679668623053294e+04 -3.185927758876512526e+05 -2.120777397638648836e+04 1.293100203709572997e+04 1.038273469536182820e+05 2.713215900790495798e+05 1.080150561320406559e+05 -9.586074783427466173e+04 -1.044962638473369734e+05 -7.221350504926014401e+04 1.318438945205567688e+04 5.486948769884694775e+04 -1.506458742084228652e+04 -4.972638625898436294e+04 -2.591423643656986678e+04 3.082967600052904163e+04 5.720505499153110577e+04 5.042664257291754438e+03 3.985969610845443822e+04 5.565696047720414208e+04 -1.716949932887628893e+04 -4.841843505397885019e+04 4.882896614464328741e+04 6.053835967345128302e+04 2.481999854065474210e+04 5.066375462483631054e+03 9.616027059705967872e+01 -1.362052966124246268e+03 -2.836439530165186511e+02 -3.513354842869137065e+04 -3.109028036382100981e+04 -1.343153326986097272e+04 -9.164612574320957719e+03 -8.389052506546369841e+03 -3.660950131748095373e+03 -1.481333671658274397e+04 -5.070929001866189537e+03 -4.756700940283856653e+03 -4.676004434924667294e+03 -1.092917311158422990e+03 1.603807959472864013e+03 2.915641008660701118e+03 -1.723305288888704672e+04 -1.339485865777676008e+04 -9.320839264062868097e+03 -1.535849953790148538e+04 -4.990771440504660859e+03
-7.352227545875383075e+05 -8.357861516207886161e+05 -1.322755968307645759e+06 9.834969055640848819e+04 -4.878500440816365881e+05 3.272778867437682347e+05 2.962468101390138734e+06 5.809828123933531344e+06 1.595911739881956717e+06 3.400821258723153151e+05 1.841551710305698798e+05 4.190122952574801457e+04 5.061621057000887231e+04 5.127029306343420467e+04 -2.461222189711746978e+04 2.650217464823535192e+04 -2.528238124668751698e+04 -8.059804649786061782e+04 2.206099051408111700e+04 2.704575781510969318e+04 4.775411287006449129e+04 5.323323251792870724e+04 2.065345508176508883e+04 2.194926747657474334e+04 2.187741943230803008e+04 2.761993054007315368e+04 2.879564620561144693e+04 2.510205265887122368e+04 -1.680355202875119630e+03 8.644443933028233005e+03 -1.926243079935647256e+04 -7.023386040408118788e+03 1.692401497907825615e+04 1.645680555274011567e+04 -2.558699072348681511e+02 -1.272996783951985708e+04 -1.115849978495519736e+03 1.097169546320870177e+04 2.118087433545765634e+03 -1.211663355092465827e+04 2.365638305604234574e+03 1.290667470430351204e+04 6.727340984378162830e+03 -1.557581084901499480e+03 1.266182084390010687e+03 1.929066837497819506e+04 1.933683061629465010e+04 2.793488241909253702e+02 -8.376013011999938271e+02 8.222322555416132673e+03 -1.336139751698570535e+03 2.880882221032663438e+03 6.627379778686607779e+02 -2.360622266787847366e+03 -7.903491306446748013e+02 3.558262488277877310e+03 2.734720981852602108e+03 -1.555595641288594607e+03 7.373552598857378143e+03 2.492030252570198627e+03 -7.374156003502685053e+04 -8.740244014232723275e+05 1.721695374121856876e+05 -1.077076504600496031e+06 2.571348128490674717e+05 -1.091569210089146654e+05 2.633819204930127598e+05 -1.792818422075649491e+06 9.673589075498392340e+05 2.976871875974558643e+05 -3.357400942244370817e+05 2.226944377935458033e+04 2.960868939220716711e+05 6.124406944245893101e+04 -1.749458680212019244e+05 -3.169695310703098658e+05 -8.040199661866112729e+04 1.223586552157362457e+05 1.877368836016399146e+05 4.710606381370337476e+04 5.504136995964733069e+04 -1.875383898630543990e+04 6.643941787595795176e+03 2.031018038052001430e+04 1.043376287471978576e+05 -1.338491327648357765e+04 -8.565404469584873004e+04 -3.189393803077704069e+04 -4.713223013304364576e+04 -4.322004091758840332e+02 1.310418437335328235e+04 -2.942525577610413893e+04 -3.998529937406680983e+04 -2.545663282719691415e+04 -1.116639597431785296e+04 2.277283646714871793e+04 2.508967895452773519e+04 9.482537130648466700e+03 1.041004204392270367e+04 1.317357067933393046e+04 2.919640615975172295e+03 -3.363352804684339935e+04 -4.297538313607986493e+04 -7.359794240368725696e+03 2.457699059617958937e+03 -7.838028488008293607e+03 -5.599576783934839113e+03 6.884351121438990049e+03 -4.371514779257280736e+01 1.134522075937590216e+03 -6.081807861689320816e+03 -3.101642666214466317e+03 -5.341106751018026443e+03 -1.954950402872140330e+04 4.354735000704655249e+03 -1.218041927107356605e+04 -1.183432668025329804e+04 1.934224076654221562e+03 -2.601161549057018419e+04 -2.899547391635142412e+04
-1.508252253177360632e+06 8.645201218349645205e+04 -6.077485572164742043e+05 1.359850213860754739e+05 -3.023406049429789418e+05 1.190965066695253045e+05 5.998735180735342437e+05 1.595911739881956717e+06 3.593326138355810195e+06 9.811773912629761035e+05 2.012006085735134548e+05 -1.780667818212997008e+04 1.834867217152025114e+04 9.117161600197374355e+03 3.485583248304419976e+04 9.264369282288296745e+03 5.468009028585702617e+04 2.654097249905210992e+04 4.633324980342059280e+04 2.863928186312472462e+03 3.130497338650275924e+04 3.450291667792039516e+04 -2.089351621994742527e+04 -1.437235644423977647e+04 1.394654238362615433e+04 6.568972227908718651e+02 7.832753667897331979e+03 6.780051600919498014e+03 1.039125305825462965e+04 6.589290617099066367e+03 9.519008592078853326e+02 -7.663659765684507875e+03 5.077890911191712462e+02 2.541022809233480439e+04 1.256414960493060789e+04 1.137108546036216649e+04 -9.695866158322504589e+02 -3.811807170539261278e+03 -7.033024815938192660e+03 -1.128843318538878157e+04 -3.787406065786211457e+03 8.536599717615421469e+03 6.288065131656740959e+03 -6.335274884844686767e+02 -1.568123949373206187e+03 2.606411758697599453e+03 3.135935583250584386e+03 -6.927191504690971442e+02 -6.491715845953149255e+03 5.565637899613075206e+02 -2.917225125476322205e+02 1.337905349305211985e+03 2.780731941603940868e+03 5.179600164145095732e+03 -4.711909132655685426e+03 2.534238410972098791e+03 -3.279429315297170433e+02 -8.233581724295434469e+03 -5.038804519694034752e+03 -9.355527219363781342e+02 2.227754232418115251e+06 1.036956754765043501e+06 1.703674995875985594e+06 -3.615094594490343006e+05 4.299017924201235874e+05 -7.585412855304882396e+05 -6.910199914411049103e+05 1.079358079087218503e+05 -8.739382182487009559e+05 2.621115545881800645e+05 1.890885727857522579e+04 1.675631064646414015e+05 8.723884210339788115e+04 5.500780591607331735e+04 -7.171885685717735032e+04 -4.101178396319296735e+04 -1.011522044103984445e+04 7.258826095445740793e+04 7.768027277967389091e+04 4.105219308458176965e+04 7.889051127126114443e+04 -3.824068245667135488e+04 -4.333925320777457819e+04 -1.962716325793596116e+04 -2.203597831209686046e+04 -2.650069101516848968e+04 -2.505448705517459530e+04 3.094052412030034975e+04 -7.768001237662216590e+04 -1.392016329894686714e+04 5.081567612776263559e+03 -7.173184411417162210e+02 1.215236472637056613e+04 1.119120403057841031e+04 2.299132862825332722e+03 1.056430817949139418e+04 1.442013059255249755e+04 2.561923077427289536e+04 4.548434702825724344e+03 -4.145957292614914877e+03 -1.037644152523154116e+04 -4.134706558697782020e+04 -1.215058227539697873e+04 -8.068854130626121332e+03 -1.879942224274397449e+04 -1.683501063368043469e+04 -1.796107697972764072e+04 3.030527212530465704e+02 4.971237434318042688e+03 9.555338054560690580e+03 -1.553766879146844258e+04 8.901118742048054628e+03 -3.121260123708908395e+03 -1.284004799020082646e+04 4.873538145264261402e+03 3.612563563615884732e+02 6.219243969044783853e+02 1.201736912060977920e+04 -1.178727870059913221e+04 -1.966653841609051597e+04
-2.846301178808779921e+06 -5.683673771822626004e+05 -2.067626772468058043e+05 3.396978340097011533e+05 -4.495240068148284627e+04 1.923566515333066345e+05 2.487943367097258742e+05 3.400821258723153151e+05 9.811773912629761035e+05 2.478025206587950233e+06 7.791902203708917368e+05 1.107768806742313609e+05 -5.286945762049619225e+04 -3.275258217952426276e+04 6.978378741777723917e+03 -3.555396490500528307e+04 -1.105158972876681764e+04 7.388034401776528284e+03 4.014383243462903192e+04 1.838064794258185429e+04 -3.590224353571957636e+03 1.269769488081259442e+04 2.319654631972656716e+04 -6.990123110545350755e+03 -8.190204531826467246e+03 1.165481313125644010e+04 1.316428359808204186e+04 -3.390483539604726047e+03 8.860087046690956413e+03 5.983853618805253973e+03 9.676747968859599496e+03 1.379736570598854814e+04 9.236996225983484692e+03 9.936205579417095578e+03 5.816666176993623594e+03 -2.411572064850419792e+03 1.358010719405760483e+03 1.250668923456824632e+04 5.170194353860844785e+03 -4.900792264520024219e+03 -3.077409546098199371e+03 6.369319523957817182e+03 -3.800782458550620504e+02 -8.416866315543997189e+03 -1.084201314725552265e+03 8.613399347794683081e+02 5.634562888238060907e+01 4.786210495742239800e+03 -2.403592384137646150e+03 2.776535570901514802e+02 1.704672380021290792e+03 3.758345649662687720e+03 2.296673216071774732e+03 -2.022205814704495197e+03 -1.093259293033213180e+04 -1.825626597937621682e+03 2.773966754843009312e+03 -2.590724732040662730e+03 -6.074600293593194692e+03 2.214473135399882437e+02 4.533214652505037375e+06 1.323196751268883236e+05 2.189500589859640226e+06 -4.812374200224543456e+05 7.928466480574853485e+05 3.172642999440777348e+05 -3.110781598397264606e+05 1.940863467275294242e+05 3.056148536633552067e+04 -7.748872098862638231e+05 3.555792206921528559e+05 2.933914811961122905e+05 2.576563279199534372e+04 -4.027109130242148967e+04 -5.079959506127936766e+04 6.123388667947391514e+04 8.557429949501395458e+04 3.166313894629836432e+04 6.692238011067580373e+04 -9.218211750807857243e+03 -2.600049398715027564e+04 2.865017265251397112e+04 4.969477919934493548e+04 -6.013796434935763955e+02 3.119825362027040228e+03 -4.627055921322403447e+04 -1.462934290494442394e+04 -1.642125678269769196e+03 -3.994667999488195346e+04 6.354793337883553249e+03 2.289850239908945878e+04 -4.522855215982222944e+03 -6.316021958095112495e+03 -1.455939061766495433e+04 -5.294771731078680205e+03 6.085790703891550038e+03 -6.126853796992678326e+03 -3.529382194662198344e+03 -6.379490695441594653e+03 1.038695642709069944e+04 -1.799242149036987030e+04 -3.244856598926658626e+04 5.610989152745272804e+03 -5.597953084019533890e+03 -4.220039233949999470e+03 -1.173805271820103371e+04 -3.427756721385769197e+03 -5.584374116425457942e+03 -1.993857230318632674e+03 -3.468325871157816891e+03 -1.608293187117334674e+04 1.601587689564018910e+04 9.082278074281324734e+03 -1.282587857202114355e+04 1.043801556864526174e+04 1.839350439982327225e+04 1.590828807696899639e+04 6.777947646405862542e+03 -4.614938963899870714e+02 -2.399060855201174036e+03
-2.716382031073294274e+04 -6.095379925041878596e+05 1.539964152308923658e+05 2.115035193319865793e+05 9.098270473733247491e+04 -1.308938596283056395e+05 3.078477144535320986e+04 1.841551710305698798e+05 2.012006085735134548e+05 7.791902203708917368e+05 1.769179435081172967e+06 5.662388486954688560e+05 1.255874084648776625e+05 1.232809382887891843e+04 2.670884465088335855e+04 3.190284980529625682e+04 8.763538360705349987e+03 4.166184295726592245e+04 7.628173703121966355e+03 1.434371062233572957e+04 2.405899061365956186e+03 4.064860782940257195e+04 3.207111899771516255e+04 2.972958398418456636e+04 1.206834685109955535e+04 -6.648325354482773946e+03 -2.505960070175387955e+03 4.110619509146413293e+03 9.551437517191539882e+03 -2.223887883144664102e+03 -2.834626316024454809e+03 -1.427037714146013059e+03 1.353926316530959593e+04 1.341416267929752757e+04 1.303625567792944639e+04 1.235565380375463792e+04 9.261910408060333793e+03 1.648756029519098593e+04 1.493087335293710385e+04 -1.412075626258517559e+03 -2.608339247268307190e+03 5.780065363119655558e+03 -2.355592356359376026e+03 -6.645743457862661671e+03 1.817808489264815307e+03 -1.323692917775490287e+03 -6.646644036681890384e+02 2.227184098251563682e+03 -5.199256710842099892e+03 3.111429324220011495e+03 2.994495025209576397e+03 2.615307551569638917e+02 -2.524789767294352259e+03 -1.286524065636777550e+03 -5.355622290488880026e+03 2.192780293309351691e+02 4.239157670786024028e+03 9.966889512075202219e+03 1.422647287133826012e+03 1.084616491596810874e+03 1.123275069004667557e+03 1.193505914378139860e+05 -3.220301226828644285e+05 -8.240444022816050565e+05 -1.578337246271288313e+05 8.903096372367959702e+04 -3.584844781869339058e+05 3.117320364099122817e+05 2.933033294409358059e+05 1.190818006739613920e+05 3.661460643064384931e+04 4.921975605713438708e+05 1.065426440698896477e+05 -1.690872519446388105e+04 -6.973432578961584659e+04 4.825070041438542830e+03 1.550810898112971336e+04 1.775783987201689888e+04 5.837938055650232127e+04 5.754319459379165346e+04 2.642060558757021863e+04 6.191715047037477052e+04 1.224073866931777302e+05 3.821353019807836972e+04 2.653193552694075333e+04 2.162971902048381526e+04 4.135729664976697677e+04 3.531355927164101740e+04 -8.558141996119644318e+03 8.748901235543675284e+03 2.235824401298732482e+04 1.334136275925534937e+04 -6.488546438283764246e+02 7.845191784901539904e+03 3.006783024891997411e+04 9.829494246169822873e+03 2.592964677483095329e+03 1.075862236301134544e+04 -8.082464461466649482e+03 4.439334529552000276e+03 -3.358666417677165100e+03 -2.724369476708747243e+04 -1.556163983330947849e+04 -6.406791199456151844e+03 -9.514525851028101897e+03 -1.623561068786117539e+04 3.486114289404684769e+03 8.425372344260658792e+03 1.327604796752079164e+04 7.604053167603440215e+02 6.570327195797730383e+03 8.795119744196865213e+03 7.718342394641440478e+03 -3.246136435393517331e+03 -2.620138997565083173e+03 -1.083382784953174678e+02 -2.267319029555686029e+03 -3.044176802860973112e+03 4.500204950767445553e+03 -9.283757523853706516e+03
1.743702399893902475e+06 -6.610958851672417950e+05 7.004752165089963819e+04 2.877865217179096071e+05 5.427568234222219326e+04 -9.166018890288070543e+04 -2.406373105282619508e+04 4.190122952574801457e+04 -1.780667818212997008e+04 1.107768806742313609e+05 5.662388486954688560e+05 1.298276540680459933e+06 3.957109787647965713e+05 8.787445073558524018e+04 1.970336374051413441e+04 5.552491507865582389e+04 3.511353696552265319e+03 1.724485534663930594e+04 1.137440007522556334e+04 2.955872141511248992e+04 7.283506743757778167e+03 1.529989215084823991e+04 5.380560436157593358e+03 1.214359986107348959e+04 -1.306873704044775423e+03 2.115317380638166924e+03 -3.751468841075637215e+02 1.138917671816306211e+04 6.145615795341406738e+03 8.991954012159472768e+03 1.979506759919234355e+03 6.275156950721255271e+03 1.061181696632905187e+04 7.043049001296884853e+03 6.149372628870355584e+03 9.298699290806836871e+03 9.397510361545912019e+03 8.193964569670883066e+03 4.203115684007654636e+03 2.252109267219127105e+03 5.492552333543951136e+03 4.649803165484127021e+03 6.055048416884827930e+03 2.673507897079459781e+03 1.607125116262542633e+03 4.869654443039224134e+03 1.871305136076953659e+03 -8.320123002100324356e+02 -6.576766884489748008e+02 3.459255115738985296e+03 1.701161229314486491e+03 -1.248276198447946399e+03 1.819904378369338474e+03 7.632355105171302057e+03 3.041261517870580519e+03 5.310462115525347144e+03 3.246707711756848767e+03 6.317066395972117789e+03 1.778330867612106431e+03 -3.837495470225734152e+03 -2.112463753812009934e+06 5.069829333734773536e+04 -1.013052371858583065e+06 -1.846598098909035325e+06 -1.413934680290686665e+05 1.277822251516540418e+05 -3.408776615500921034e+05 -1.031203660476879741e+05 2.028091529013215622e+05 2.639538985223780037e+05 1.355480951265139156e+05 -1.927677330256990099e+05 1.733707428188000049e+05 1.085120618479179393e+05 9.661567120336198423e+04 -3.202670553692853355e+04 -3.204356641509576366e+04 -3.876189717323356490e+03 2.374992310805039233e+04 9.447746133418912359e+04 5.283474607995240513e+04 2.642541340966401185e+04 3.170091010455714786e+04 2.260429764385229646e+04 6.103186552821803343e+04 1.218372921948821204e+04 -5.959145780318604920e+03 8.430110398826782330e+03 2.069483052516037787e+04 1.185450615436878979e+04 4.069947798584315024e+04 1.729079226525994454e+04 5.036437576334796177e+03 -3.852599689516297985e+03 -1.110483948876611976e+04 6.857863835438455681e+03 6.494816582466211912e+03 -9.825383925650580750e+02 -7.995249341192045904e+03 -6.397215304801008642e+03 5.430828359496538724e+03 1.016001167998986784e+04 8.445184626809294059e+03 9.049679733245762691e+03 3.582828364210128257e+03 -7.180465755867855478e+03 -7.519319503826066466e+03 -6.221009217272036040e+03 -1.307397181273048227e+04 -7.132319850138068432e+03 -9.985642310830622819e+02 2.606984628075296314e+03 2.820524759253435150e+03 -1.127995385419270860e+04 -1.033127281741801198e+04 -7.023122848226736096e+03 -5.428624686846156692e+03 -8.863441114899249442e+03 -5.769322679163951761e+03 -7.267891597909745542e+03
9.440381188509583008e+05 2.028817347774915979e+05 2.107586612741490535e+05 -6.812117634567435016e+04 -3.483590407231377321e+05 -9.710126403802604182e+04 -5.620351665193934423e+02 5.061621057000887231e+04 1.834867217152025114e+04 -5.286945762049619225e+04 1.255874084648776625e+05 3.957109787647965713e+05 9.724487515181914205e+05 3.075957399805515888e+05 6.797626925649095210e+04 1.442299627020807202e+04 8.707416737368634131e+03 3.116340752775827423e+04 4.325219122907477140e+04 4.198501549947743479e+04 2.818321030710071864e+04 8.286219230763819724e+03 -2.318141449756338261e+03 2.050283677598434224e+04 2.201156162099978246e+04 2.033089719614102796e+04 5.668033491876640255e+03 3.347846803455764530e+03 8.902819576318786858e+03 1.457799248421167431e+04 1.493911817975993290e+04 2.514794250913838914e+04 1.512674364903381502e+04 1.063012843033114586e+04 3.384496490906736199e+03 9.666506731312478223e+03 2.421805346811744585e+03 4.458011412615024369e+02 4.480098059024952818e+03 3.969445942094403108e+03 7.883835123996754191e+03 9.970703878989213990e+03 7.690352909785548945e+03 1.030323531210067631e+04 5.956581143934516149e+03 3.935901010919749297e+03 3.144227482933776514e+02 5.326881961320119672e+02 1.267634250215138309e+03 3.799963001664990770e+03 -5.570674133973623157e+02 1.183734067168376441e+03 3.906011313218017222e+03 3.818664822671367347e+03 6.043289718547202938e+03 3.813442712228258642e+03 1.504797335114678390e+03 4.622483076365934721e+03 6.131253062206500545e+03 3.953423288478927020e+02 -1.241514031406555325e+06 1.113052424011597031e+05 -1.152950617300085723e+06 -1.510396565972727025e+06 -6.601222363786132773e+05 1.565847451653803000e+05 -6.097542857467473368e+04 -1.415381234155696293e+05 1.093114058040194504e+05 7.909198786004328576e+04 4.029407123270882585e+04 1.920274326961902843e+05 -1.298253736002528458e+05 2.134022651612376794e+05 7.012251006933530152e+04 6.915994124664315314e+04 -3.250872669095160018e+04 -9.337089414409661913e+03 -1.999509103339629291e+04 5.656485105897078029e+04 5.282773966393293813e+04 1.050390016043111063e+04 1.900287232090974430e+04 3.811484028923543519e+04 7.063081967046653153e+04 1.098804273350083531e+04 -1.821777678084233003e+03 2.576759203251229337e+04 3.069524550474276475e+04 1.599984590380091322e+04 2.806282740993889456e+04 1.554557861999031775e+04 1.834672165232987754e+04 1.468856337800482288e+04 1.212607223302511557e+04 -4.321356267652386123e+02 1.583819648490327563e+04 1.004993706413107475e+03 -2.441144198873290406e+03 -7.541064728887816273e+03 -2.648676189890133173e+03 1.228098281778096680e+04 6.905918008046065552e+03 9.774074841359977654e+03 9.123996306052615182e+03 8.929492404354687096e+03 1.691396290836007438e+03 -1.294899617687256978e+04 2.858736964142279248e+03 2.649165593817048716e+02 3.436558170954352249e+02 -6.029913562788968193e+03 -2.720679451930518553e+03 -6.968101157331044305e+03 -1.277567450102186558e+04 -9.285565331189256540e+03 1.363579425636659607e+03 3.748732765609524449e+03 1.720189976805025935e+03 1.053276986987717692e+03
